1.00000000e-02,2.24343726e-01
1.09698580e-02,2.24346413e-01
1.20337784e-02,2.24349654e-01
1.32008840e-02,2.24353535e-01
1.44811823e-02,2.24358224e-01
1.58856513e-02,2.24363864e-01
1.74263339e-02,2.24370646e-01
1.91164408e-02,2.24378824e-01
2.09704640e-02,2.24388671e-01
2.30043012e-02,2.24400513e-01
2.52353917e-02,2.24414785e-01
2.76828663e-02,2.24431949e-01
3.03677112e-02,2.24452620e-01
3.33129479e-02,2.24477514e-01
3.65438307e-02,2.24507484e-01
4.00880633e-02,2.24543585e-01
4.39760361e-02,2.24587049e-01
4.82410870e-02,2.24639417e-01
5.29197874e-02,2.24702488e-01
5.80522552e-02,2.24778475e-01
6.36824994e-02,2.24870034e-01
6.98587975e-02,2.24980379e-01
7.66341087e-02,2.25113377e-01
8.40665289e-02,2.25273728e-01
9.22197882e-02,2.25467097e-01
1.01163798e-01,2.25700370e-01
1.10975250e-01,2.25981876e-01
1.21738273e-01,2.26321752e-01
1.33545156e-01,2.26732326e-01
1.46497140e-01,2.27228648e-01
1.60705282e-01,2.27829132e-01
1.76291412e-01,2.28556422e-01
1.93389175e-01,2.29438478e-01
2.12145178e-01,2.30510067e-01
2.32720248e-01,2.31814763e-01
2.55290807e-01,2.33407722e-01
2.80050389e-01,2.35359598e-01
3.07211300e-01,2.37762139e-01
3.37006433e-01,2.40736251e-01
3.69691271e-01,2.44443542e-01
4.05546074e-01,2.49102633e-01
4.44878283e-01,2.55012784e-01
4.88025158e-01,2.62598436e-01
5.35356668e-01,2.72636416e-01
5.87278661e-01,2.86306902e-01
6.44236351e-01,2.99718993e-01
7.06718127e-01,3.12642422e-01
7.75259749e-01,3.24930706e-01
8.50448934e-01,3.36425245e-01
9.32930403e-01,3.46956697e-01
1.02341140e+00,3.56347939e-01
1.12266777e+00,3.64418659e-01
1.23155060e+00,3.70991460e-01
1.35099352e+00,3.75899197e-01
1.48202071e+00,3.78993159e-01
1.62575567e+00,3.80151545e-01
1.78343088e+00,3.79287617e-01
1.95639834e+00,3.77823695e-01
2.14614120e+00,4.03554849e-01
2.35428641e+00,4.34956113e-01
2.58261876e+00,4.66031852e-01
2.83309610e+00,4.96416585e-01
3.10786619e+00,5.25760433e-01
3.40928507e+00,5.53746068e-01
3.73993730e+00,5.80103724e-01
4.10265811e+00,6.04622492e-01
4.50055768e+00,6.27156679e-01
4.93704785e+00,6.47626828e-01
5.41587138e+00,6.66015767e-01
5.94113398e+00,6.82360701e-01
6.51733960e+00,6.96742752e-01
7.14942899e+00,7.09275372e-01
7.84282206e+00,7.20092907e-01
8.60346442e+00,7.29340219e-01
9.43787828e+00,7.37163930e-01
1.03532184e+01,7.43705483e-01
1.13573336e+01,7.63225429e-01
1.24588336e+01,7.86909453e-01
1.36671636e+01,8.08001997e-01
1.49926843e+01,8.26757896e-01
1.64467618e+01,8.43413062e-01
1.80418641e+01,8.58183277e-01
1.97916687e+01,8.71263958e-01
2.17111795e+01,8.82830607e-01
2.38168555e+01,8.93039738e-01
2.61267523e+01,9.02030090e-01
2.86606762e+01,9.09923991e-01
3.14403547e+01,9.16828769e-01
3.44896226e+01,9.22838145e-01
3.78346262e+01,9.28033561e-01
4.15040476e+01,9.32485410e-01
4.55293507e+01,9.36254166e-01
4.99450512e+01,9.39391398e-01
5.47890118e+01,9.41940667e-01
6.01027678e+01,9.43938327e-01
6.59318827e+01,9.45414219e-01
7.23263390e+01,9.46392282e-01
7.93409667e+01,9.46891072e-01
8.70359136e+01,9.46924227e-01
9.54771611e+01,9.46500856e-01
1.04737090e+02,9.45625881e-01
1.14895100e+02,9.44300339e-01
1.26038293e+02,9.42521643e-01
1.38262217e+02,9.40283821e-01
1.51671689e+02,9.37577731e-01
1.66381689e+02,9.34391273e-01
1.82518349e+02,9.30709589e-01
2.00220037e+02,9.26515272e-01
2.19638537e+02,9.21788583e-01
2.40940356e+02,9.16507696e-01
2.64308149e+02,9.10648959e-01
2.89942285e+02,9.04187197e-01
3.18062569e+02,8.97096054e-01
3.48910121e+02,8.89348382e-01
3.82749448e+02,8.80916686e-01
4.19870708e+02,8.71773625e-01
4.60592204e+02,8.61892579e-01
5.05263107e+02,8.51248267e-01
5.54266452e+02,8.39817438e-01
6.08022426e+02,8.27579610e-01
6.66991966e+02,8.14517855e-01
7.31680714e+02,8.00619618e-01
8.02643352e+02,7.85877553e-01
8.80488358e+02,7.70290354e-01
9.65883224e+02,7.53863545e-01
1.05956018e+03,7.36610222e-01
1.16232247e+03,7.18551686e-01
1.27505124e+03,6.99717949e-01
1.39871310e+03,6.80148085e-01
1.53436841e+03,6.59890372e-01
1.68318035e+03,6.39002219e-01
1.84642494e+03,6.17549849e-01
2.02550194e+03,5.95607724e-01
2.22194686e+03,5.73257729e-01
2.43744415e+03,5.50588099e-01
2.67384162e+03,5.27692144e-01
2.93316628e+03,5.04666794e-01
3.21764175e+03,4.81611006e-01
3.52970730e+03,4.58624105e-01
3.87203878e+03,4.35804106e-01
4.24757155e+03,4.13246080e-01
4.65952567e+03,3.91040621e-01
5.11143348e+03,3.69272474e-01
5.60716994e+03,3.48019355e-01
6.15098579e+03,3.27350999e-01
6.74754405e+03,3.07328456e-01
7.40196000e+03,2.88003645e-01
8.11984499e+03,2.69419147e-01
8.90735464e+03,2.51608236e-01
9.77124154e+03,2.34595123e-01
1.07189132e+04,2.18395367e-01
1.17584955e+04,2.03016444e-01
1.28989026e+04,1.88458414e-01
1.41499130e+04,1.74714681e-01
1.55222536e+04,1.61772781e-01
1.70276917e+04,1.49615193e-01
1.86791360e+04,1.38220150e-01
2.04907469e+04,1.27562404e-01
2.24780583e+04,1.17613962e-01
2.46581108e+04,1.08344762e-01
2.70495973e+04,9.97232833e-02
2.96730241e+04,9.17170952e-02
3.25508860e+04,8.42933336e-02
3.57078596e+04,7.74191143e-02
3.91710149e+04,7.10618798e-02
4.29700470e+04,6.51896877e-02
4.71375313e+04,5.97714434e-02
5.17092024e+04,5.47770838e-02
5.67242607e+04,5.01777160e-02
6.22257084e+04,4.59457182e-02
6.82607183e+04,4.20548070e-02
7.48810386e+04,3.84800764e-02
8.21434358e+04,3.51980135e-02
9.01101825e+04,3.21864936e-02
9.88495905e+04,2.94247612e-02
1.08436597e+05,2.68933970e-02
1.18953407e+05,2.45742757e-02
1.30490198e+05,2.24505169e-02
1.43145894e+05,2.05064305e-02
1.57029012e+05,1.87274586e-02
1.72258597e+05,1.71001156e-02
1.88965234e+05,1.56119276e-02
2.07292178e+05,1.42513716e-02
2.27396575e+05,1.30078157e-02
2.49450814e+05,1.18714612e-02
2.73644000e+05,1.08332860e-02
3.00183581e+05,9.88499033e-03
3.29297126e+05,9.01894560e-03
3.61234270e+05,8.22814495e-03
3.96268864e+05,7.50615707e-03
4.34701316e+05,6.84708251e-03
4.76861170e+05,6.24551275e-03
5.23109931e+05,5.69649179e-03
5.73844165e+05,5.19548046e-03
6.29498899e+05,4.73832307e-03
6.90551352e+05,4.32121647e-03
7.57525026e+05,3.94068137e-03
8.30994195e+05,3.59353576e-03
9.11588830e+05,3.27687036e-03
1.00000000e+06,2.98802592e-03
