1.00000000e-02,1.84504904e-01
1.09698580e-02,1.84507126e-01
1.20337784e-02,1.84509775e-01
1.32008840e-02,1.84512967e-01
1.44811823e-02,1.84516808e-01
1.58856513e-02,1.84521423e-01
1.74263339e-02,1.84526953e-01
1.91164408e-02,1.84533642e-01
2.09704640e-02,1.84541686e-01
2.30043012e-02,1.84551368e-01
2.52353917e-02,1.84563011e-01
2.76828663e-02,1.84577011e-01
3.03677112e-02,1.84593859e-01
3.33129479e-02,1.84614115e-01
3.65438307e-02,1.84638489e-01
4.00880633e-02,1.84639550e-01
4.39760361e-02,1.84703113e-01
4.82410870e-02,1.84745549e-01
5.29197874e-02,1.84796622e-01
5.80522552e-02,1.84858049e-01
6.36824994e-02,1.84931934e-01
6.98587975e-02,1.85020838e-01
7.66341087e-02,1.85127784e-01
8.40665289e-02,1.85256449e-01
9.22197882e-02,1.85411257e-01
1.01163798e-01,1.85597534e-01
1.10975250e-01,1.85821715e-01
1.21738273e-01,1.86091550e-01
1.33545156e-01,1.86416417e-01
1.46497140e-01,1.86807659e-01
1.60705282e-01,1.87279036e-01
1.76291412e-01,1.87847263e-01
1.93389175e-01,1.88532722e-01
2.12145178e-01,1.89360357e-01
2.32720248e-01,1.90360845e-01
2.55290807e-01,1.91572143e-01
2.80050389e-01,1.93041560e-01
3.07211300e-01,1.94828541e-01
3.37006433e-01,1.97008458e-01
3.69691271e-01,1.99677577e-01
4.05546074e-01,2.02959276e-01
4.44878283e-01,2.07010587e-01
4.88025158e-01,2.12026056e-01
5.35356668e-01,2.18232077e-01
5.87278661e-01,2.25861531e-01
6.44236351e-01,2.35103804e-01
7.06718127e-01,2.46046022e-01
7.75259749e-01,2.58642042e-01
8.50448934e-01,2.72734951e-01
9.32930403e-01,2.87466439e-01
1.02341140e+00,3.01390481e-01
1.12266777e+00,3.14182454e-01
1.23155060e+00,3.25546326e-01
1.35099352e+00,3.35203504e-01
1.48202071e+00,3.42906113e-01
1.62575567e+00,3.48449295e-01
1.78343088e+00,3.51681639e-01
1.95639834e+00,3.52513027e-01
2.14614120e+00,3.62403306e-01
2.35428641e+00,3.96772449e-01
2.58261876e+00,4.30947401e-01
2.83309610e+00,4.64425784e-01
3.10786619e+00,4.96747096e-01
3.40928507e+00,5.27513852e-01
3.73993730e+00,5.56406095e-01
4.10265811e+00,5.83188812e-01
4.50055768e+00,6.07712669e-01
4.93704785e+00,6.29909007e-01
5.41587138e+00,6.49780476e-01
5.94113398e+00,6.67388804e-01
6.51733960e+00,6.82841189e-01
7.14942899e+00,6.96276663e-01
7.84282206e+00,7.07853434e-01
8.60346442e+00,7.17737905e-01
9.43787828e+00,7.26095711e-01
1.03532184e+01,7.33084828e-01
1.13573336e+01,7.53556988e-01
1.24588336e+01,7.78326708e-01
1.36671636e+01,8.00369420e-01
1.49926843e+01,8.19958788e-01
1.64467618e+01,8.37346713e-01
1.80418641e+01,8.52762576e-01
1.97916687e+01,8.66413369e-01
2.17111795e+01,8.78484474e-01
2.38168555e+01,8.89140851e-01
2.61267523e+01,8.98528480e-01
2.86606762e+01,9.06775907e-01
3.14403547e+01,9.13995814e-01
3.44896226e+01,9.20286547e-01
3.78346262e+01,9.25733548e-01
4.15040476e+01,9.30410683e-01
4.55293507e+01,9.34381446e-01
4.99450512e+01,9.37700036e-01
5.47890118e+01,9.40412316e-01
6.01027678e+01,9.42556657e-01
6.59318827e+01,9.44164668e-01
7.23263390e+01,9.45261844e-01
7.93409667e+01,9.45868117e-01
8.70359136e+01,9.45998337e-01
9.54771611e+01,9.45662686e-01
1.04737090e+02,9.44867040e-01
1.14895100e+02,9.43613283e-01
1.26038293e+02,9.41899580e-01
1.38262217e+02,9.39720633e-01
1.51671689e+02,9.37067900e-01
1.66381689e+02,9.33929817e-01
1.82518349e+02,9.30292006e-01
2.00220037e+02,9.26137492e-01
2.19638537e+02,9.21446923e-01
2.40940356e+02,9.16198820e-01
2.64308149e+02,9.10369844e-01
2.89942285e+02,9.03935101e-01
3.18062569e+02,8.96868490e-01
3.48910121e+02,8.89143092e-01
3.82749448e+02,8.80731619e-01
4.19870708e+02,8.71606916e-01
4.60592204e+02,8.61742532e-01
5.05263107e+02,8.51113340e-01
5.54266452e+02,8.39696227e-01
6.08022426e+02,8.27470836e-01
6.66991966e+02,8.14420353e-01
7.31680714e+02,8.00532326e-01
8.02643352e+02,7.85799504e-01
8.80488358e+02,7.70220665e-01
9.65883224e+02,7.53801412e-01
1.05956018e+03,7.36554911e-01
1.16232247e+03,7.18502526e-01
1.27505124e+03,6.99674332e-01
1.39871310e+03,6.80109453e-01
1.53436841e+03,6.59856218e-01
1.68318035e+03,6.38972082e-01
1.84642494e+03,6.17523306e-01
2.02550194e+03,5.95584396e-01
2.22194686e+03,5.73237267e-01
2.43744415e+03,5.50570188e-01
2.67384162e+03,5.27676499e-01
2.93316628e+03,5.04653157e-01
3.21764175e+03,4.81599145e-01
3.52970730e+03,4.58613811e-01
3.87203878e+03,4.35795191e-01
4.24757155e+03,4.13238374e-01
4.65952567e+03,3.91033975e-01
5.11143348e+03,3.69266754e-01
5.60716994e+03,3.48014441e-01
6.15098579e+03,3.27346786e-01
6.74754405e+03,3.07324851e-01
7.40196000e+03,2.88000565e-01
8.11984499e+03,2.69416521e-01
8.90735464e+03,2.51606001e-01
9.77124154e+03,2.34593223e-01
1.07189132e+04,2.18393755e-01
1.17584955e+04,2.03015077e-01
1.28989026e+04,1.88457258e-01
1.41499130e+04,1.74713704e-01
1.55222536e+04,1.61771956e-01
1.70276917e+04,1.49614498e-01
1.86791360e+04,1.38219565e-01
2.04907469e+04,1.27561911e-01
2.24780583e+04,1.17613548e-01
2.46581108e+04,1.08344414e-01
2.70495973e+04,9.97229917e-02
2.96730241e+04,9.17168507e-02
3.25508860e+04,8.42931288e-02
3.57078596e+04,7.74189428e-02
3.91710149e+04,7.10617363e-02
4.29700470e+04,6.51895677e-02
4.71375313e+04,5.97713431e-02
5.17092024e+04,5.47770000e-02
5.67242607e+04,5.01776460e-02
6.22257084e+04,4.59456598e-02
6.82607183e+04,4.20547583e-02
7.48810386e+04,3.84800358e-02
8.21434358e+04,3.51979796e-02
9.01101825e+04,3.21864654e-02
9.88495905e+04,2.94247377e-02
1.08436597e+05,2.68933774e-02
1.18953407e+05,2.45742594e-02
1.30490198e+05,2.24505033e-02
1.43145894e+05,2.05064192e-02
1.57029012e+05,1.87274492e-02
1.72258597e+05,1.71001078e-02
1.88965234e+05,1.56119211e-02
2.07292178e+05,1.42513661e-02
2.27396575e+05,1.30078112e-02
2.49450814e+05,1.18714575e-02
2.73644000e+05,1.08332828e-02
3.00183581e+05,9.88498773e-03
3.29297126e+05,9.01894344e-03
3.61234270e+05,8.22814315e-03
3.96268864e+05,7.50615557e-03
4.34701316e+05,6.84708127e-03
4.76861170e+05,6.24551171e-03
5.23109931e+05,5.69649093e-03
5.73844165e+05,5.19547974e-03
6.29498899e+05,4.73832247e-03
6.90551352e+05,4.32121597e-03
7.57525026e+05,3.94068096e-03
8.30994195e+05,3.59353542e-03
9.11588830e+05,3.27687008e-03
1.00000000e+06,2.98802568e-03
