1.00000000e-02,2.24640541e-01
1.05956018e-02,2.24642162e-01
1.12266777e-02,2.24643978e-01
1.18953407e-02,2.24646021e-01
1.26038293e-02,2.24648320e-01
1.33545156e-02,2.24650899e-01
1.41499130e-02,2.24653789e-01
1.49926843e-02,2.24657036e-01
1.58856513e-02,2.24660684e-01
1.68318035e-02,2.24664784e-01
1.78343088e-02,2.24669387e-01
1.88965234e-02,2.24674552e-01
2.00220037e-02,2.24680351e-01
2.12145178e-02,2.24686867e-01
2.24780583e-02,2.24694180e-01
2.38168555e-02,2.24702386e-01
2.52353917e-02,2.24711615e-01
2.67384162e-02,2.24721973e-01
2.83309610e-02,2.24733604e-01
3.00183581e-02,2.24746671e-01
3.18062569e-02,2.24761339e-01
3.37006433e-02,2.24777819e-01
3.57078596e-02,2.24796327e-01
3.78346262e-02,2.24817113e-01
4.00880633e-02,2.24840459e-01
4.24757155e-02,2.24866684e-01
4.50055768e-02,2.24896138e-01
4.76861170e-02,2.24929230e-01
5.05263107e-02,2.24966401e-01
5.35356668e-02,2.25008160e-01
5.67242607e-02,2.25055075e-01
6.01027678e-02,2.25107786e-01
6.36824994e-02,2.25167009e-01
6.74754405e-02,2.25233563e-01
7.14942899e-02,2.25308352e-01
7.57525026e-02,2.25392403e-01
8.02643352e-02,2.25486871e-01
8.50448934e-02,2.25593059e-01
9.01101825e-02,2.25712435e-01
9.54771611e-02,2.25846651e-01
1.01163798e-01,2.25997573e-01
1.07189132e-01,2.26167304e-01
1.13573336e-01,2.26358226e-01
1.20337784e-01,2.26573021e-01
1.27505124e-01,2.26814730e-01
1.35099352e-01,2.27086792e-01
1.43145894e-01,2.27393106e-01
1.51671689e-01,2.27738096e-01
1.60705282e-01,2.28126791e-01
1.70276917e-01,2.28564917e-01
1.80418641e-01,2.29059006e-01
1.91164408e-01,2.29616527e-01
2.02550194e-01,2.30246049e-01
2.14614120e-01,2.30957425e-01
2.27396575e-01,2.31762031e-01
2.40940356e-01,2.32673056e-01
2.55290807e-01,2.33705856e-01
2.70495973e-01,2.34878407e-01
2.86606762e-01,2.36211858e-01
3.03677112e-01,2.37731244e-01
3.21764175e-01,2.39466364e-01
3.40928507e-01,2.41452894e-01
3.61234270e-01,2.43733763e-01
3.82749448e-01,2.46360856e-01
4.05546074e-01,2.49397125e-01
4.29700470e-01,2.52919332e-01
4.55293507e-01,2.57022163e-01
4.82410870e-01,2.61826524e-01
5.11143348e-01,2.67505015e-01
5.41587138e-01,2.74541587e-01
5.73844165e-01,2.83169364e-01
6.08022426e-01,2.91671684e-01
6.44236351e-01,3.00017024e-01
6.82607183e-01,3.08172087e-01
7.23263390e-01,3.16101718e-01
7.66341087e-01,3.23768873e-01
8.11984499e-01,3.31134674e-01
8.60346442e-01,3.38158549e-01
9.11588830e-01,3.44798461e-01
9.65883224e-01,3.51011242e-01
1.02341140e+00,3.56753023e-01
1.08436597e+00,3.61979759e-01
1.14895100e+00,3.66647838e-01
1.21738273e+00,3.70714769e-01
1.28989026e+00,3.74139925e-01
1.36671636e+00,3.76885336e-01
1.44811823e+00,3.78916501e-01
1.53436841e+00,3.80203200e-01
1.62575567e+00,3.80720286e-01
1.72258597e+00,3.80448424e-01
1.82518349e+00,3.79374752e-01
1.93389175e+00,3.77493446e-01
2.04907469e+00,3.82456132e-01
2.17111795e+00,3.87249471e-01
2.30043012e+00,3.91413167e-01
2.43744415e+00,3.94880643e-01
2.58261876e+00,3.97581704e-01
2.73644000e+00,3.99442451e-01
2.89942285e+00,4.00385191e-01
3.07211300e+00,4.00328353e-01
3.25508860e+00,3.99186391e-01
3.44896226e+00,3.96869693e-01
3.65438307e+00,3.93284483e-01
3.87203878e+00,3.88332707e-01
4.10265811e+00,3.81911922e-01
4.34701316e+00,3.73915159e-01
4.60592204e+00,3.64230787e-01
4.88025158e+00,3.52742345e-01
5.17092024e+00,3.39328368e-01
5.47890118e+00,3.23862180e-01
5.80522552e+00,3.06211671e-01
6.15098579e+00,2.86239043e-01
6.51733960e+00,2.63800530e-01
6.90551352e+00,2.38746080e-01
7.31680714e+00,2.10919016e-01
7.75259749e+00,1.82381202e-01
8.21434358e+00,1.73540700e-01
8.70359136e+00,1.64980435e-01
9.22197882e+00,1.56712375e-01
9.77124154e+00,1.96829203e-01
1.03532184e+01,2.48952531e-01
1.09698580e+01,2.71457039e-01
1.16232247e+01,2.59866526e-01
1.23155060e+01,2.48557078e-01
1.30490198e+01,2.37549055e-01
1.38262217e+01,2.26858733e-01
1.46497140e+01,2.16498654e-01
1.55222536e+01,2.06477974e-01
1.64467618e+01,1.96802808e-01
1.74263339e+01,1.87476568e-01
1.84642494e+01,1.78500277e-01
1.95639834e+01,1.69872875e-01
2.07292178e+01,1.61591498e-01
2.19638537e+01,1.53651740e-01
2.32720248e+01,1.46047890e-01
2.46581108e+01,1.38773144e-01
2.61267523e+01,1.31819808e-01
2.76828663e+01,1.25179465e-01
2.93316628e+01,1.18843132e-01
3.10786619e+01,1.12801398e-01
3.29297126e+01,1.07044543e-01
3.48910121e+01,1.01562643e-01
3.69691271e+01,9.63456607e-02
3.91710149e+01,9.13835236e-02
4.15040476e+01,8.66661895e-02
4.39760361e+01,8.21837040e-02
4.65952567e+01,7.79262468e-02
4.93704785e+01,7.38841716e-02
5.23109931e+01,7.00480375e-02
5.54266452e+01,6.64086347e-02
5.87278661e+01,6.29570053e-02
6.22257084e+01,5.96844581e-02
6.59318827e+01,5.65825806e-02
6.98587975e+01,5.36432464e-02
7.40196000e+01,5.08586203e-02
7.84282206e+01,4.82211603e-02
8.30994195e+01,4.57236175e-02
8.80488358e+01,4.33590347e-02
9.32930403e+01,4.11207426e-02
9.88495905e+01,3.90023552e-02
1.04737090e+02,3.69977642e-02
1.10975250e+02,3.51011325e-02
1.17584955e+02,3.33068868e-02
1.24588336e+02,3.16097102e-02
1.32008840e+02,3.00045337e-02
1.39871310e+02,2.84865282e-02
1.48202071e+02,2.70510961e-02
1.57029012e+02,2.56938621e-02
1.66381689e+02,2.44106652e-02
1.76291412e+02,2.31975499e-02
1.86791360e+02,2.20507576e-02
1.97916687e+02,2.09667183e-02
2.09704640e+02,1.99420427e-02
2.22194686e+02,1.89735135e-02
2.35428641e+02,1.80580783e-02
2.49450814e+02,1.71928417e-02
2.64308149e+02,1.63750578e-02
2.80050389e+02,1.56021234e-02
2.96730241e+02,1.48715710e-02
3.14403547e+02,1.41810621e-02
3.33129479e+02,1.35283810e-02
3.52970730e+02,1.29114285e-02
3.73993730e+02,1.23282163e-02
3.96268864e+02,1.17768612e-02
4.19870708e+02,1.12555799e-02
4.44878283e+02,1.07626837e-02
4.71375313e+02,1.02965736e-02
4.99450512e+02,9.85573592e-03
5.29197874e+02,9.43873748e-03
5.60716994e+02,9.04422162e-03
5.94113398e+02,8.67090405e-03
6.29498899e+02,8.31756910e-03
6.66991966e+02,7.98306601e-03
7.06718127e+02,7.66630554e-03
7.48810386e+02,7.36625666e-03
7.93409667e+02,7.08194348e-03
8.40665289e+02,6.81244228e-03
8.90735464e+02,6.55687879e-03
9.43787828e+02,6.31442551e-03
1.00000000e+03,6.08429929e-03
