1.00000000e-02,2.22364939e-01
1.05956018e-02,2.22366494e-01
1.12266777e-02,2.22368272e-01
1.18953407e-02,2.22370267e-01
1.26038293e-02,2.22372495e-01
1.33545156e-02,2.22374998e-01
1.41499130e-02,2.22377808e-01
1.49926843e-02,2.22380962e-01
1.58856513e-02,2.22384504e-01
1.68318035e-02,2.22388481e-01
1.78343088e-02,2.22392935e-01
1.88965234e-02,2.22397959e-01
2.00220037e-02,2.22403584e-01
2.12145178e-02,2.22409907e-01
2.24780583e-02,2.22416992e-01
2.38168555e-02,2.22424968e-01
2.52353917e-02,2.22433908e-01
2.67384162e-02,2.22443957e-01
2.83309610e-02,2.22455235e-01
3.00183581e-02,2.22467901e-01
3.18062569e-02,2.22482121e-01
3.37006433e-02,2.22498085e-01
3.57078596e-02,2.22516018e-01
3.78346262e-02,2.22536151e-01
4.00880633e-02,2.22558761e-01
4.24757155e-02,2.22584146e-01
4.50055768e-02,2.22612657e-01
4.76861170e-02,2.22644679e-01
5.05263107e-02,2.22680636e-01
5.35356668e-02,2.22721021e-01
5.67242607e-02,2.22766376e-01
6.01027678e-02,2.22817315e-01
6.36824994e-02,2.22874527e-01
6.74754405e-02,2.22938793e-01
7.14942899e-02,2.23010982e-01
7.57525026e-02,2.23092074e-01
8.02643352e-02,2.23183171e-01
8.50448934e-02,2.23285516e-01
9.01101825e-02,2.23400503e-01
9.54771611e-02,2.23529709e-01
1.01163798e-01,2.23674899e-01
1.07189132e-01,2.23838070e-01
1.13573336e-01,2.24021466e-01
1.20337784e-01,2.24227619e-01
1.27505124e-01,2.24459388e-01
1.35099352e-01,2.24719993e-01
1.43145894e-01,2.25013074e-01
1.51671689e-01,2.25342748e-01
1.60705282e-01,2.25713666e-01
1.70276917e-01,2.26131098e-01
1.80418641e-01,2.26601018e-01
1.91164408e-01,2.27130209e-01
2.02550194e-01,2.27726379e-01
2.14614120e-01,2.28398310e-01
2.27396575e-01,2.29156023e-01
2.40940356e-01,2.30010974e-01
2.55290807e-01,2.30976296e-01
2.70495973e-01,2.32067074e-01
2.86606762e-01,2.33300683e-01
3.03677112e-01,2.34697182e-01
3.21764175e-01,2.36279774e-01
3.40928507e-01,2.38075337e-01
3.61234270e-01,2.40115008e-01
3.82749448e-01,2.42434810e-01
4.05546074e-01,2.45076235e-01
4.29700470e-01,2.48086697e-01
4.55293507e-01,2.51519677e-01
4.82410870e-01,2.55434329e-01
5.11143348e-01,2.59894330e-01
5.41587138e-01,2.64965821e-01
5.73844165e-01,2.70714630e-01
6.08022426e-01,2.77203457e-01
6.44236351e-01,2.84490317e-01
6.82607183e-01,2.92630013e-01
7.23263390e-01,3.01634666e-01
7.66341087e-01,3.10664976e-01
8.11984499e-01,3.19344578e-01
8.60346442e-01,3.27619533e-01
9.11588830e-01,3.35437091e-01
9.65883224e-01,3.42746126e-01
1.02341140e+00,3.49497521e-01
1.08436597e+00,3.55644559e-01
1.14895100e+00,3.61143293e-01
1.21738273e+00,3.65952936e-01
1.28989026e+00,3.70036257e-01
1.36671636e+00,3.73360012e-01
1.44811823e+00,3.75895389e-01
1.53436841e+00,3.77618484e-01
1.62575567e+00,3.78510780e-01
1.72258597e+00,3.78559626e-01
1.82518349e+00,3.77758684e-01
1.93389175e+00,3.76108324e-01
2.04907469e+00,3.73615941e-01
2.17111795e+00,3.75780198e-01
2.30043012e+00,3.80222650e-01
2.43744415e+00,3.83955431e-01
2.58261876e+00,3.86906793e-01
2.73644000e+00,3.89001408e-01
2.89942285e+00,3.90160272e-01
3.07211300e+00,3.90300613e-01
3.25508860e+00,3.89335792e-01
3.44896226e+00,3.87175198e-01
3.65438307e+00,3.83724134e-01
3.87203878e+00,3.78883703e-01
4.10265811e+00,3.72550672e-01
4.34701316e+00,3.64617338e-01
4.60592204e+00,3.54971362e-01
4.88025158e+00,3.43495604e-01
5.17092024e+00,3.30067929e-01
5.47890118e+00,3.14560990e-01
5.80522552e+00,2.96841994e-01
6.15098579e+00,2.76772441e-01
6.51733960e+00,2.54207827e-01
6.90551352e+00,2.28997324e-01
7.31680714e+00,2.00983425e-01
7.75259749e+00,1.82265998e-01
8.21434358e+00,1.73433089e-01
8.70359136e+00,1.64879810e-01
9.22197882e+00,1.56618194e-01
9.77124154e+00,2.05532450e-01
1.03532184e+01,2.58065117e-01
1.09698580e+01,2.80767174e-01
1.16232247e+01,2.69126893e-01
1.23155060e+01,2.57770755e-01
1.30490198e+01,2.46718900e-01
1.38262217e+01,2.35987403e-01
1.46497140e+01,2.25588619e-01
1.55222536e+01,2.15531533e-01
1.64467618e+01,2.05822103e-01
1.74263339e+01,1.96463592e-01
1.84642494e+01,1.87456887e-01
1.95639834e+01,1.78800802e-01
2.07292178e+01,1.70492355e-01
2.19638537e+01,1.62527031e-01
2.32720248e+01,1.54899014e-01
2.46581108e+01,1.47601408e-01
2.61267523e+01,1.40626427e-01
2.76828663e+01,1.33965570e-01
2.93316628e+01,1.27609776e-01
3.10786619e+01,1.21549560e-01
3.29297126e+01,1.15775132e-01
3.48910121e+01,1.10276503e-01
3.69691271e+01,1.05043573e-01
3.91710149e+01,1.00066210e-01
4.15040476e+01,9.53343163e-02
4.39760361e+01,9.08378855e-02
4.65952567e+01,8.65670466e-02
4.93704785e+01,8.25121052e-02
5.23109931e+01,7.86635745e-02
5.54266452e+01,7.50122010e-02
5.87278661e+01,7.15489846e-02
6.22257084e+01,6.82651934e-02
6.59318827e+01,6.51523760e-02
6.98587975e+01,6.22023679e-02
7.40196000e+01,5.94072972e-02
7.84282206e+01,5.67595862e-02
8.30994195e+01,5.42519511e-02
8.80488358e+01,5.18774004e-02
9.32930403e+01,4.96292313e-02
9.88495905e+01,4.75010247e-02
1.04737090e+02,4.54866396e-02
1.10975250e+02,4.35802065e-02
1.17584955e+02,4.17761197e-02
1.24588336e+02,4.00690302e-02
1.32008840e+02,3.84538367e-02
1.39871310e+02,3.69256778e-02
1.48202071e+02,3.54799230e-02
1.57029012e+02,3.41121644e-02
1.66381689e+02,3.28182075e-02
1.76291412e+02,3.15940629e-02
1.86791360e+02,3.04359377e-02
1.97916687e+02,2.93402267e-02
2.09704640e+02,2.83035047e-02
2.22194686e+02,2.73225178e-02
2.35428641e+02,2.63941759e-02
2.49450814e+02,2.55155450e-02
2.64308149e+02,2.46838397e-02
2.80050389e+02,2.38964157e-02
2.96730241e+02,2.31507636e-02
3.14403547e+02,2.24445017e-02
3.33129479e+02,2.17753694e-02
3.52970730e+02,2.11412218e-02
3.73993730e+02,2.05400230e-02
3.96268864e+02,1.99698408e-02
4.19870708e+02,1.94288415e-02
4.44878283e+02,1.89152842e-02
4.71375313e+02,1.84275165e-02
4.99450512e+02,1.79639694e-02
5.29197874e+02,1.75231530e-02
5.60716994e+02,1.71036521e-02
5.94113398e+02,1.67041226e-02
6.29498899e+02,1.63232873e-02
6.66991966e+02,1.59599325e-02
7.06718127e+02,1.56129047e-02
7.48810386e+02,1.52811072e-02
7.93409667e+02,1.49634973e-02
8.40665289e+02,1.46590834e-02
8.90735464e+02,1.43669225e-02
9.43787828e+02,1.40861178e-02
1.00000000e+03,1.38158160e-02
