0.448386000000000	0	0	0	0	0	0	0	0	0	0	0	0	0	0	0	0	0	0	0	0	0	0	0	0	0	0	0	0	0	0	0	0	0	0	0	0	0	0	0	0	0	0	0	0	0	0	0	0	0	0	0	0	0	0	0	0	0	0	0	0	0	0	0	0	0	0	0	0
-0.0307488000000000	0.527836000000000	0	0	0	0	0	0	0	0	0	0	0	0	0	0	0	0	0	0	0	0	0	0	0	0	0	0	0	0	0	0	0	0	0	0	0	0	0	0	0	0	0	0	0	0	0	0	0	0	0	0	0	0	0	0	0	0	0	0	0	0	0	0	0	0	0	0	0
0.00159507000000000	-0.152067000000000	0.315008000000000	0	0	0	0	0	0	0	0	0	0	0	0	0	0	0	0	0	0	0	0	0	0	0	0	0	0	0	0	0	0	0	0	0	0	0	0	0	0	0	0	0	0	0	0	0	0	0	0	0	0	0	0	0	0	0	0	0	0	0	0	0	0	0	0	0	0
0.00100544300000000	0.00119351000000000	-0.265431000000000	0.343122000000000	0	0	0	0	0	0	0	0	0	0	0	0	0	0	0	0	0	0	0	0	0	0	0	0	0	0	0	0	0	0	0	0	0	0	0	0	0	0	0	0	0	0	0	0	0	0	0	0	0	0	0	0	0	0	0	0	0	0	0	0	0	0	0	0	0
-0.00924858500000000	0.0105057000000000	0	-0.155749000000000	0.496684000000000	0	0	0	0	0	0	0	0	0	0	0	0	0	0	0	0	0	0	0	0	0	0	0	0	0	0	0	0	0	0	0	0	0	0	0	0	0	0	0	0	0	0	0	0	0	0	0	0	0	0	0	0	0	0	0	0	0	0	0	0	0	0	0	0
-0.000886169000000000	0.00138319000000000	0	0	-0.197490000000000	0.599333000000000	0	0	0	0	0	0	0	0	0	0	0	0	0	0	0	0	0	0	0	0	0	0	0	0	0	0	0	0	0	0	0	0	0	0	0	0	0	0	0	0	0	0	0	0	0	0	0	0	0	0	0	0	0	0	0	0	0	0	0	0	0	0	0
-2.96407000000000e-05	0.000104822000000000	0	0	0	-0.255025000000000	0.654889000000000	0	0	0	0	0	0	0	0	0	0	0	0	0	0	0	0	0	0	0	0	0	0	0	0	0	0	0	0	0	0	0	0	0	0	0	0	0	0	0	0	0	0	0	0	0	0	0	0	0	0	0	0	0	0	0	0	0	0	0	0	0	0
-1.66732000000000e-05	-5.17996000000000e-05	0	0	0	0	-0.304791000000000	0.685406000000000	0	0	0	0	0	0	0	0	0	0	0	0	0	0	0	0	0	0	0	0	0	0	0	0	0	0	0	0	0	0	0	0	0	0	0	0	0	0	0	0	0	0	0	0	0	0	0	0	0	0	0	0	0	0	0	0	0	0	0	0	0
-9.49164000000000e-06	-3.40094000000000e-05	0	0	0	0	0	-0.347845000000000	0.702014000000000	0	0	0	0	0	0	0	0	0	0	0	0	0	0	0	0	0	0	0	0	0	0	0	0	0	0	0	0	0	0	0	0	0	0	0	0	0	0	0	0	0	0	0	0	0	0	0	0	0	0	0	0	0	0	0	0	0	0	0	0
-5.26349000000000e-06	-8.34803000000000e-05	0	0	0	0	0	0	-0.386010000000000	0.703582000000000	0	0	0	0	0	0	0	0	0	0	0	0	0	0	0	0	0	0	0	0	0	0	0	0	0	0	0	0	0	0	0	0	0	0	0	0	0	0	0	0	0	0	0	0	0	0	0	0	0	0	0	0	0	0	0	0	0	0	0
-2.68622000000000e-06	-6.86086000000000e-05	0	0	0	0	0	0	0	-0.405977000000000	0.706835000000000	0	0	0	0	0	0	0	0	0	0	0	0	0	0	0	0	0	0	0	0	0	0	0	0	0	0	0	0	0	0	0	0	0	0	0	0	0	0	0	0	0	0	0	0	0	0	0	0	0	0	0	0	0	0	0	0	0	0
-1.16148000000000e-06	-3.12869000000000e-05	0	0	0	0	0	0	0	0	-0.420125000000000	0.708126000000000	0	0	0	0	0	0	0	0	0	0	0	0	0	0	0	0	0	0	0	0	0	0	0	0	0	0	0	0	0	0	0	0	0	0	0	0	0	0	0	0	0	0	0	0	0	0	0	0	0	0	0	0	0	0	0	0	0
-4.46794000000000e-07	-1.25515000000000e-05	0	0	0	0	0	0	0	0	0	-0.429349000000000	0.708610000000000	0	0	0	0	0	0	0	0	0	0	0	0	0	0	0	0	0	0	0	0	0	0	0	0	0	0	0	0	0	0	0	0	0	0	0	0	0	0	0	0	0	0	0	0	0	0	0	0	0	0	0	0	0	0	0	0
-1.52836000000000e-07	-4.79361000000000e-06	0	0	0	0	0	0	0	0	0	0	-0.434968000000000	0.709126000000000	0	0	0	0	0	0	0	0	0	0	0	0	0	0	0	0	0	0	0	0	0	0	0	0	0	0	0	0	0	0	0	0	0	0	0	0	0	0	0	0	0	0	0	0	0	0	0	0	0	0	0	0	0	0	0
-5.02399000000000e-08	-2.33959000000000e-06	0	0	0	0	0	0	0	0	0	0	0	-0.438650000000000	0.709074000000000	0	0	0	0	0	0	0	0	0	0	0	0	0	0	0	0	0	0	0	0	0	0	0	0	0	0	0	0	0	0	0	0	0	0	0	0	0	0	0	0	0	0	0	0	0	0	0	0	0	0	0	0	0	0
-2.33184000000000e-08	-1.09481000000000e-06	0	0	0	0	0	0	0	0	0	0	0	0	-0.440590000000000	0.756235000000000	0	0	0	0	0	0	0	0	0	0	0	0	0	0	0	0	0	0	0	0	0	0	0	0	0	0	0	0	0	0	0	0	0	0	0	0	0	0	0	0	0	0	0	0	0	0	0	0	0	0	0	0	0
-1.56702000000000e-08	-5.17137000000000e-07	0	0	0	0	0	0	0	0	0	0	0	0	0	-0.488919000000000	0.756669000000000	0	0	0	0	0	0	0	0	0	0	0	0	0	0	0	0	0	0	0	0	0	0	0	0	0	0	0	0	0	0	0	0	0	0	0	0	0	0	0	0	0	0	0	0	0	0	0	0	0	0	0	0
-1.19794000000000e-08	-2.46378000000000e-07	0	0	0	0	0	0	0	0	0	0	0	0	0	0	-0.489994000000000	0.756926000000000	0	0	0	0	0	0	0	0	0	0	0	0	0	0	0	0	0	0	0	0	0	0	0	0	0	0	0	0	0	0	0	0	0	0	0	0	0	0	0	0	0	0	0	0	0	0	0	0	0	0	0
-5.88920000000000e-09	-1.18355000000000e-07	0	0	0	0	0	0	0	0	0	0	0	0	0	0	0	-0.490659000000000	0.757121000000000	0	0	0	0	0	0	0	0	0	0	0	0	0	0	0	0	0	0	0	0	0	0	0	0	0	0	0	0	0	0	0	0	0	0	0	0	0	0	0	0	0	0	0	0	0	0	0	0	0	0
-4.35173000000000e-09	-8.51974000000000e-08	0	0	0	0	0	0	0	0	0	0	0	0	0	0	0	0	-0.491115000000000	0.511563000000000	0	0	0	0	0	0	0	0	0	0	0	0	0	0	0	0	0	0	0	0	0	0	0	0	0	0	0	0	0	0	0	0	0	0	0	0	0	0	0	0	0	0	0	0	0	0	0	0	0
-1.07194000000000e-09	-2.03599000000000e-08	0	0	0	0	0	0	0	0	0	0	0	0	0	0	0	0	0	-0.245777000000000	0.511512000000000	0	0	0	0	0	0	0	0	0	0	0	0	0	0	0	0	0	0	0	0	0	0	0	0	0	0	0	0	0	0	0	0	0	0	0	0	0	0	0	0	0	0	0	0	0	0	0	0
-2.27381000000000e-10	-4.24035000000000e-09	0	0	0	0	0	0	0	0	0	0	0	0	0	0	0	0	0	0	-0.245868000000000	0.593455000000000	0	0	0	0	0	0	0	0	0	0	0	0	0	0	0	0	0	0	0	0	0	0	0	0	0	0	0	0	0	0	0	0	0	0	0	0	0	0	0	0	0	0	0	0	0	0	0
0	-1.12107000000000e-09	0	0	0	0	0	0	0	0	0	0	0	0	0	0	0	0	0	0	0	-0.327864000000000	0.757527000000000	0	0	0	0	0	0	0	0	0	0	0	0	0	0	0	0	0	0	0	0	0	0	0	0	0	0	0	0	0	0	0	0	0	0	0	0	0	0	0	0	0	0	0	0	0	0
0	-6.10190000000000e-10	0	0	0	0	0	0	0	0	0	0	0	0	0	0	0	0	0	0	0	0	-0.491953000000000	0.669135000000000	0	0	0	0	0	0	0	0	0	0	0	0	0	0	0	0	0	0	0	0	0	0	0	0	0	0	0	0	0	0	0	0	0	0	0	0	0	0	0	0	0	0	0	0	0
0	-2.36363000000000e-10	0	0	0	0	0	0	0	0	0	0	0	0	0	0	0	0	0	0	0	0	0	-0.403568000000000	0.669156000000000	0	0	0	0	0	0	0	0	0	0	0	0	0	0	0	0	0	0	0	0	0	0	0	0	0	0	0	0	0	0	0	0	0	0	0	0	0	0	0	0	0	0	0	0
0	-7.22859000000000e-11	0	0	0	0	0	0	0	0	0	0	0	0	0	0	0	0	0	0	0	0	0	0	-0.403589000000000	0.728387000000000	0	0	0	0	0	0	0	0	0	0	0	0	0	0	0	0	0	0	0	0	0	0	0	0	0	0	0	0	0	0	0	0	0	0	0	0	0	0	0	0	0	0	0
0	-2.23156000000000e-11	0	0	0	0	0	0	0	0	0	0	0	0	0	0	0	0	0	0	0	0	0	0	0	-0.462814000000000	0.511589000000000	0	0	0	0	0	0	0	0	0	0	0	0	0	0	0	0	0	0	0	0	0	0	0	0	0	0	0	0	0	0	0	0	0	0	0	0	0	0	0	0	0	0
0	0	0	0	0	0	0	0	0	0	0	0	0	0	0	0	0	0	0	0	0	0	0	0	0	0	-0.144460000000000	0.944468000000000	0	0	0	0	0	0	0	0	0	0	0	0	0	0	0	0	0	0	0	0	0	0	0	0	0	0	0	0	0	0	0	0	0	0	0	0	0	0	0	0	0
0	0	0	0	0	0	0	0	0	0	0	0	0	0	0	0	0	0	0	0	0	0	0	0	0	0	-0.101535000000000	-0.431307000000000	0.998693000000000	0.00475699000000000	0	0	0	0	0	0	0	0	0	0	0	0	0	0	0	0	0	0	0	0	0	0	0	0	0	0	0	0	0	0	0	0	0	0	0	0	0	0	0
0	0	0	0	0	0	0	0	0	0	0	0	0	0	0	0	0	0	0	0	0	0	0	0	0	0	0	-0.247536000000000	-0.437397000000000	0.862677000000000	0.00380689000000000	0	0	0	0	0	0	0	0	0	0	0	0	0	0	0	0	0	0	0	0	0	0	0	0	0	0	0	0	0	0	0	0	0	0	0	0	0	0
0	0	0	0	0	0	0	0	0	0	0	0	0	0	0	0	0	0	0	0	0	0	0	0	0	0	0	0	-0.295651000000000	-0.475105000000000	0.778628000000000	0.0117345000000000	-2.28522000000000e-06	-4.58027000000000e-08	-1.62104000000000e-08	-5.73253000000000e-09	-1.97788000000000e-09	-7.00191000000000e-10	0	0	0	0	0	0	0	0	0	0	0	0	0	0	0	0	0	0	0	0	0	0	0	0	0	0	0	0	0	0	0
0	0	0	0	0	0	0	0	0	0	0	0	0	0	0	0	0	0	0	0	0	0	0	0	0	0	0	0	0	-0.0975198000000000	-0.166253000000000	0.780259000000000	0.0144440000000000	-2.47352000000000e-05	-1.87318000000000e-05	-1.04194000000000e-05	-4.41894000000000e-06	-1.79088000000000e-06	-7.21945000000000e-07	-2.94098000000000e-07	-1.20066000000000e-07	-3.71506000000000e-08	-5.38772000000000e-09	0	0	0	0	0	0	0	0	0	0	0	0	0	0	0	0	0	0	0	0	0	0	0	0	0	0
0	0	0	0	0	0	0	0	0	0	0	0	0	0	0	0	0	0	0	0	0	0	0	0	0	0	0	0	0	-0.0234326000000000	-0.182510000000000	0.0112419000000000	0.756522000000000	0.0614431000000000	0.0114240000000000	0.00203863000000000	0.000185909000000000	-7.34648000000000e-05	-8.05106000000000e-05	-4.57317000000000e-05	-2.72042000000000e-05	-1.15280000000000e-05	-2.06503000000000e-06	-1.77491000000000e-07	-4.36151000000000e-09	0	0	0	0	0	0	0	0	0	0	0	0	0	0	0	0	0	0	0	0	0	0	0	0
0	0	0	0	0	0	0	0	0	0	0	0	0	0	0	0	0	0	0	0	0	0	0	0	0	0	0	0	0	-0.00196123000000000	-0.0262553000000000	-0.0361792000000000	0.0423632000000000	0.567395000000000	0.0501255000000000	0.00947645000000000	0.00173118000000000	0.000208200000000000	-2.03163000000000e-05	-5.17518000000000e-05	-2.85277000000000e-05	-1.46734000000000e-05	-3.68700000000000e-06	-3.36575000000000e-07	-9.07268000000000e-09	0	0	0	0	0	0	0	0	0	0	0	0	0	0	0	0	0	0	0	0	0	0	0	0
0	0	0	0	0	0	0	0	0	0	0	0	0	0	0	0	0	0	0	0	0	0	0	0	0	0	0	0	0	-0.00149243000000000	-0.0227514000000000	-0.0413129000000000	0.0173467000000000	0.107756000000000	0.570337000000000	0.0486860000000000	0.00884200000000000	0.00165317000000000	0.000169207000000000	-3.37154000000000e-05	-6.13080000000000e-05	-2.84800000000000e-05	-8.60992000000000e-06	-9.07077000000000e-07	-2.58462000000000e-08	0	0	0	0	0	0	0	0	0	0	0	0	0	0	0	0	0	0	0	0	0	0	0	0
0	0	0	0	0	0	0	0	0	0	0	0	0	0	0	0	0	0	0	0	0	0	0	0	0	0	0	0	0	-0.00117471000000000	-0.0202340000000000	-0.0450535000000000	0.000596958000000000	0.0570599000000000	0.106539000000000	0.577178000000000	0.0473698000000000	0.00876676000000000	0.00166486000000000	0.000142430000000000	-4.83040000000000e-05	-6.21076000000000e-05	-1.72746000000000e-05	-2.47260000000000e-06	-7.28334000000000e-08	0	0	0	0	0	0	0	0	0	0	0	0	0	0	0	0	0	0	0	0	0	0	0	0
0	0	0	0	0	0	0	0	0	0	0	0	0	0	0	0	0	0	0	0	0	0	0	0	0	0	0	0	0	-0.000916743000000000	-0.0177633000000000	-0.0461216000000000	-0.0131401000000000	0.0263354000000000	0.0549954000000000	0.104393000000000	0.585066000000000	0.0482443000000000	0.00901533000000000	0.00176461000000000	0.000129586000000000	-7.58083000000000e-05	-3.94517000000000e-05	-6.39334000000000e-06	-2.04301000000000e-07	0	0	0	0	0	0	0	0	0	0	0	0	0	0	0	0	0	0	0	0	0	0	0	0
0	0	0	0	0	0	0	0	0	0	0	0	0	0	0	0	0	0	0	0	0	0	0	0	0	0	0	0	0	-0.000685990000000000	-0.0148531000000000	-0.0438473000000000	-0.0234981000000000	0.00767150000000000	0.0233866000000000	0.0508892000000000	0.100054000000000	0.587067000000000	0.0473363000000000	0.00894984000000000	0.00183781000000000	2.72966000000000e-05	-7.52402000000000e-05	-1.32242000000000e-05	-5.38245000000000e-07	-1.00707000000000e-09	0	0	0	0	0	0	0	0	0	0	0	0	0	0	0	0	0	0	0	0	0	0	0
0	0	0	0	0	0	0	0	0	0	0	0	0	0	0	0	0	0	0	0	0	0	0	0	0	0	0	0	0	-0.000513787000000000	-0.0123328000000000	-0.0406158000000000	-0.0308238000000000	-0.00439807000000000	0.00577993000000000	0.0212596000000000	0.0478799000000000	0.0961174000000000	0.589635000000000	0.0456066000000000	0.00881181000000000	0.00110015000000000	-0.000106616000000000	-2.76787000000000e-05	-1.34744000000000e-06	-2.78314000000000e-09	0	0	0	0	0	0	0	0	0	0	0	0	0	0	0	0	0	0	0	0	0	0	0
0	0	0	0	0	0	0	0	0	0	0	0	0	0	0	0	0	0	0	0	0	0	0	0	0	0	0	0	0	-0.000399974000000000	-0.0105911000000000	-0.0384478000000000	-0.0369338000000000	-0.0157731000000000	-0.00569863000000000	0.00408831000000000	0.0206951000000000	0.0470601000000000	0.0956928000000000	0.596301000000000	0.0476887000000000	0.00628400000000000	-2.99617000000000e-05	-6.02988000000000e-05	-3.27597000000000e-06	-7.75931000000000e-09	0	0	0	0	0	0	0	0	0	0	0	0	0	0	0	0	0	0	0	0	0	0	0
0	0	0	0	0	0	0	0	0	0	0	0	0	0	0	0	0	0	0	0	0	0	0	0	0	0	0	0	0	-0.000286146000000000	-0.00831154000000000	-0.0328809000000000	-0.0384831000000000	-0.0181722000000000	-0.0157686000000000	-0.00605838000000000	0.00245630000000000	0.0188460000000000	0.0415625000000000	0.0884880000000000	0.594637900000000	0.0288839000000000	0.000876826000000000	-0.000102067000000000	-6.24615000000000e-06	-1.86154000000000e-08	0	0	0	0	0	0	0	0	0	0	0	0	0	0	0	0	0	0	0	0	0	0	0
0	0	0	0	0	0	0	0	0	0	0	0	0	0	0	0	0	0	0	0	0	0	0	0	0	0	0	0	0	-0.000370701000000000	-0.0121061000000000	-0.0531243000000000	-0.0746251000000000	-0.0575459000000000	-0.0395718000000000	-0.0332599000000000	-0.0192132000000000	-0.00358844000000000	0.0199264000000000	0.0582249000000000	0.123055000000000	0.659411000000000	0.0220342000000000	-0.000294406000000000	-3.52291000000000e-05	-1.33302000000000e-07	-6.28582000000000e-10	0	0	0	0	0	0	0	0	0	0	0	0	0	0	0	0	0	0	0	0	0	0
0	0	0	0	0	0	0	0	0	0	0	0	0	0	0	0	0	0	0	0	0	0	0	0	0	0	0	0	0	-0.000314949000000000	-0.0122951000000000	-0.0624883000000000	-0.106214000000000	-0.116696000000000	-0.109655000000000	-0.0898562000000000	-0.0706871000000000	-0.0569364000000000	-0.0410844000000000	-0.0189312000000000	0.0144112000000000	0.0972884000000000	0.704535000000000	0.0166916000000000	-0.000264524000000000	-1.74387000000000e-06	-1.01468000000000e-08	0	0	0	0	0	0	0	0	0	0	0	0	0	0	0	0	0	0	0	0	0	0
0	0	0	0	0	0	0	0	0	0	0	0	0	0	0	0	0	0	0	0	0	0	0	0	0	0	0	0	0	-0.000166087000000000	-0.00811359000000000	-0.0487067000000000	-0.100167000000000	-0.127533000000000	-0.133648000000000	-0.137882000000000	-0.138003000000000	-0.125048000000000	-0.106839000000000	-0.0907157000000000	-0.0772317000000000	-0.0527706000000000	0.0451329000000000	0.722396000000000	0.00505062000000000	-2.62918000000000e-05	-2.08851000000000e-07	-3.06469000000000e-09	0	0	0	0	0	0	0	0	0	0	0	0	0	0	0	0	0	0	0	0	0
0	0	0	0	0	0	0	0	0	0	0	0	0	0	0	0	0	0	0	0	0	0	0	0	0	0	0	0	0	-9.25930000000000e-05	-0.00612822000000000	-0.0455145000000000	-0.116274000000000	-0.172516000000000	-0.192311000000000	-0.212551000000000	-0.233407000000000	-0.252656000000000	-0.269485000000000	-0.282268000000000	-0.284153000000000	-0.278486000000000	-0.248677000000000	-0.127781000000000	0.709695000000000	-0.000119012000000000	-0.000119991000000000	-2.71062000000000e-06	-4.91978000000000e-07	-1.60483000000000e-07	-6.26763000000000e-08	-1.85784000000000e-08	-4.24622000000000e-09	-7.08135000000000e-10	0	0	0	0	0	0	0	0	0	0	0	0	0	0	0
0	0	0	0	0	0	0	0	0	0	0	0	0	0	0	0	0	0	0	0	0	0	0	0	0	0	0	0	0	-8.55506000000000e-06	-0.000846956000000000	-0.00820028000000000	-0.0264661000000000	-0.0451627000000000	-0.0534363000000000	-0.0626421000000000	-0.0731502000000000	-0.0850298000000000	-0.0977183000000000	-0.111368000000000	-0.125712000000000	-0.146549000000000	-0.183373000000000	-0.224398000000000	-0.200786000000000	0.679870700000000	-0.00739765000000000	-0.000463496000000000	-0.000101782000000000	-3.72078000000000e-05	-1.53434000000000e-05	-4.62717000000000e-06	-1.13605000000000e-06	-2.10893000000000e-07	-2.96467000000000e-08	-3.83098000000000e-09	-7.71666000000000e-10	0	0	0	0	0	0	0	0	0	0	0	0
0	0	0	0	0	0	0	0	0	0	0	0	0	0	0	0	0	0	0	0	0	0	0	0	0	0	0	0	0	-1.37191000000000e-06	-0.000122277000000000	-0.00142421000000000	-0.00531346000000000	-0.00984947000000000	-0.0121099000000000	-0.0146545000000000	-0.0175881000000000	-0.0212724000000000	-0.0254773000000000	-0.0301549000000000	-0.0352602000000000	-0.0437794000000000	-0.0613694000000000	-0.0917688000000000	-0.160700000000000	-0.189112000000000	0.649551500000000	-0.0199373000000000	-0.00552840000000000	-0.00210952000000000	-0.000946361000000000	-0.000334473000000000	-9.58205000000000e-05	-1.89901000000000e-05	-2.64020000000000e-06	-3.71290000000000e-07	-8.43924000000000e-08	-3.59854000000000e-08	-1.99828000000000e-08	-1.29273000000000e-08	-8.29951000000000e-09	-5.44240000000000e-09	-3.94557000000000e-09	-2.97556000000000e-09	-2.20112000000000e-09	-1.60646000000000e-09	-1.17549000000000e-09	-8.87564000000000e-10	-6.91670000000000e-10
0	0	0	0	0	0	0	0	0	0	0	0	0	0	0	0	0	0	0	0	0	0	0	0	0	0	0	0	0	-3.79464000000000e-07	-1.56917000000000e-05	-0.000206280000000000	-0.000837777000000000	-0.00162928000000000	-0.00206259000000000	-0.00254182000000000	-0.00307627000000000	-0.00381200000000000	-0.00469377000000000	-0.00567845000000000	-0.00675116000000000	-0.00868360000000000	-0.0128236000000000	-0.0209488000000000	-0.0473110000000000	-0.0923107000000000	-0.110846000000000	0.676899700000000	-0.0324027000000000	-0.0141868000000000	-0.00642361000000000	-0.00224123000000000	-0.000655953000000000	-0.000149515000000000	-2.53888000000000e-05	-3.26817000000000e-06	-7.23743000000000e-07	-3.17519000000000e-07	-1.80536000000000e-07	-1.16384000000000e-07	-7.67394000000000e-08	-5.11375000000000e-08	-3.73652000000000e-08	-2.86780000000000e-08	-2.17368000000000e-08	-1.64112000000000e-08	-1.25748000000000e-08	-9.73636000000000e-09	-7.63528000000000e-09
0	0	0	0	0	0	0	0	0	0	0	0	0	0	0	0	0	0	0	0	0	0	0	0	0	0	0	0	0	-1.93042000000000e-07	-4.37689000000000e-06	-6.08266000000000e-05	-0.000256623000000000	-0.000510382000000000	-0.000654129000000000	-0.000812950000000000	-0.000987131000000000	-0.00123778000000000	-0.00154596000000000	-0.00188629000000000	-0.00224901000000000	-0.00294249000000000	-0.00447229000000000	-0.00753791000000000	-0.0187686000000000	-0.0448680000000000	-0.0657967000000000	-0.0763411000000000	0.687562000000000	-0.0360581000000000	-0.0181223000000000	-0.00642828000000000	-0.00181373000000000	-0.000409505000000000	-7.81194000000000e-05	-1.20040000000000e-05	-2.41804000000000e-06	-1.01406000000000e-06	-5.69678000000000e-07	-3.66035000000000e-07	-2.44126000000000e-07	-1.67357000000000e-07	-1.20892000000000e-07	-9.25985000000000e-08	-7.20345000000000e-08	-5.54334000000000e-08	-4.20185000000000e-08	-3.17856000000000e-08	-2.51338000000000e-08
0	0	0	0	0	0	0	0	0	0	0	0	0	0	0	0	0	0	0	0	0	0	0	0	0	0	0	0	0	-1.18803000000000e-07	-1.78439000000000e-06	-2.54995000000000e-05	-0.000109873000000000	-0.000220847000000000	-0.000286683000000000	-0.000357083000000000	-0.000432709000000000	-0.000548036000000000	-0.000690930000000000	-0.000847557000000000	-0.00101140000000000	-0.00133372000000000	-0.00206018000000000	-0.00355159000000000	-0.00932741000000000	-0.0246777000000000	-0.0399587000000000	-0.0535771000000000	-0.0577664000000000	0.691663700000000	-0.0314780000000000	-0.0119564000000000	-0.00338857000000000	-0.000736953000000000	-0.000135595000000000	-2.57437000000000e-05	-5.27566000000000e-06	-2.10968000000000e-06	-1.16720000000000e-06	-7.40659000000000e-07	-4.79217000000000e-07	-3.19010000000000e-07	-2.33647000000000e-07	-1.81270000000000e-07	-1.40453000000000e-07	-1.08163000000000e-07	-8.27595000000000e-08	-6.37334000000000e-08	-5.05862000000000e-08
0	0	0	0	0	0	0	0	0	0	0	0	0	0	0	0	0	0	0	0	0	0	0	0	0	0	0	0	0	-1.11226000000000e-07	-1.20201000000000e-06	-1.74214000000000e-05	-7.62179000000000e-05	-0.000154767000000000	-0.000202088000000000	-0.000253292000000000	-0.000305448000000000	-0.000389185000000000	-0.000495501000000000	-0.000610105000000000	-0.000728236000000000	-0.000966597000000000	-0.00150795000000000	-0.00264858000000000	-0.00722535000000000	-0.0201943000000000	-0.0365913000000000	-0.0496832000000000	-0.0594322000000000	-0.0645434000000000	0.682639700000000	-0.0280048000000000	-0.00812244000000000	-0.00170033000000000	-0.000311257000000000	-5.84309000000000e-05	-1.57631000000000e-05	-5.85176000000000e-06	-3.07380000000000e-06	-1.91303000000000e-06	-1.23313000000000e-06	-8.19921000000000e-07	-5.90077000000000e-07	-4.47630000000000e-07	-3.38315000000000e-07	-2.57681000000000e-07	-1.98616000000000e-07	-1.54075000000000e-07	-1.20671000000000e-07
0	0	0	0	0	0	0	0	0	0	0	0	0	0	0	0	0	0	0	0	0	0	0	0	0	0	0	0	0	-1.52534000000000e-07	-1.10574000000000e-06	-1.60407000000000e-05	-7.13756000000000e-05	-0.000146715000000000	-0.000193510000000000	-0.000243090000000000	-0.000292670000000000	-0.000374273000000000	-0.000482023000000000	-0.000597519000000000	-0.000712051000000000	-0.000953652000000000	-0.00150274000000000	-0.00269708000000000	-0.00766693000000000	-0.0226244000000000	-0.0474351000000000	-0.0648847000000000	-0.0788729000000000	-0.0917495000000000	-0.104933000000000	0.643638900000000	-0.0389253000000000	-0.00804391000000000	-0.00135952000000000	-0.000242573000000000	-7.38372000000000e-05	-3.72080000000000e-05	-2.01641000000000e-05	-1.20365000000000e-05	-7.02312000000000e-06	-4.37480000000000e-06	-3.07651000000000e-06	-2.31104000000000e-06	-1.74148000000000e-06	-1.31594000000000e-06	-9.96045000000000e-07	-7.54289000000000e-07	-5.84253000000000e-07
0	0	0	0	0	0	0	0	0	0	0	0	0	0	0	0	0	0	0	0	0	0	0	0	0	0	0	0	0	-1.35299000000000e-07	-6.15387000000000e-07	-8.59319000000000e-06	-3.89551000000000e-05	-8.08297000000000e-05	-0.000108653000000000	-0.000137065000000000	-0.000163383000000000	-0.000211243000000000	-0.000275129000000000	-0.000343415000000000	-0.000408868000000000	-0.000553057000000000	-0.000883506000000000	-0.00161970000000000	-0.00481541000000000	-0.0153723000000000	-0.0368863000000000	-0.0544779000000000	-0.0638166000000000	-0.0746094000000000	-0.0873128000000000	-0.111720000000000	0.605192000000000	-0.0322952000000000	-0.00507072000000000	-0.000847874000000000	-0.000232985000000000	-0.000114313000000000	-7.56912000000000e-05	-5.61487000000000e-05	-4.01572000000000e-05	-2.58739000000000e-05	-1.80597000000000e-05	-1.31472000000000e-05	-9.34337000000000e-06	-6.37806000000000e-06	-4.44571000000000e-06	-3.24712000000000e-06	-2.47800000000000e-06
0	0	0	0	0	0	0	0	0	0	0	0	0	0	0	0	0	0	0	0	0	0	0	0	0	0	0	0	0	-1.53535000000000e-07	-4.48929000000000e-07	-5.29458000000000e-06	-2.45824000000000e-05	-5.17508000000000e-05	-7.08930000000000e-05	-9.01618000000000e-05	-0.000106060000000000	-0.000138075000000000	-0.000183640000000000	-0.000230461000000000	-0.000272064000000000	-0.000373600000000000	-0.000606359000000000	-0.00113271000000000	-0.00354671000000000	-0.0123732000000000	-0.0319279000000000	-0.0572292000000000	-0.0663971000000000	-0.0747826000000000	-0.0842483000000000	-0.106411000000000	-0.148845000000000	0.518870000000000	-0.0379972000000000	-0.00546516000000000	-0.00139792000000000	-0.000698074000000000	-0.000416055000000000	-0.000281530000000000	-0.000194953000000000	-0.000140970000000000	-0.000112352000000000	-9.23544000000000e-05	-7.58854000000000e-05	-6.34538000000000e-05	-5.34613000000000e-05	-4.33086000000000e-05	-3.26614000000000e-05
0	0	0	0	0	0	0	0	0	0	0	0	0	0	0	0	0	0	0	0	0	0	0	0	0	0	0	0	0	-1.22828000000000e-07	-2.74459000000000e-07	-1.92119000000000e-06	-9.29737000000000e-06	-1.93078000000000e-05	-2.81016000000000e-05	-3.68154000000000e-05	-4.21251000000000e-05	-5.46255000000000e-05	-7.56079000000000e-05	-9.62946000000000e-05	-0.000111903000000000	-0.000155171000000000	-0.000257934000000000	-0.000493120000000000	-0.00164304000000000	-0.00621128000000000	-0.0168156000000000	-0.0370978000000000	-0.0482856000000000	-0.0524906000000000	-0.0588246000000000	-0.0685938000000000	-0.0891156000000000	-0.144884000000000	0.447737000000000	-0.0381648000000000	-0.00848246000000000	-0.00357993000000000	-0.00212247000000000	-0.00143109000000000	-0.00103168000000000	-0.000760298000000000	-0.000576434000000000	-0.000445471000000000	-0.000350220000000000	-0.000276639000000000	-0.000218623000000000	-0.000173824000000000	-0.000140217000000000
0	0	0	0	0	0	0	0	0	0	0	0	0	0	0	0	0	0	0	0	0	0	0	0	0	0	0	0	0	-9.21208000000000e-08	-1.98666000000000e-07	-6.95801000000000e-07	-2.91136000000000e-06	-6.12919000000000e-06	-8.70244000000000e-06	-1.23713000000000e-05	-1.47861000000000e-05	-1.81603000000000e-05	-2.52585000000000e-05	-3.47576000000000e-05	-4.08833000000000e-05	-5.46654000000000e-05	-9.65187000000000e-05	-0.000189868000000000	-0.000672495000000000	-0.00267264000000000	-0.00804950000000000	-0.0169306000000000	-0.0264494000000000	-0.0354589000000000	-0.0392801000000000	-0.0435495000000000	-0.0529809000000000	-0.0740923000000000	-0.135814000000000	0.317796000000000	-0.0638799000000000	-0.0236814000000000	-0.0133652000000000	-0.00898460000000000	-0.00590021000000000	-0.00375011000000000	-0.00274918000000000	-0.00218681000000000	-0.00170199000000000	-0.00133045000000000	-0.00106829000000000	-0.000877350000000000	-0.000740763000000000
0	0	0	0	0	0	0	0	0	0	0	0	0	0	0	0	0	0	0	0	0	0	0	0	0	0	0	0	0	-3.45453000000000e-08	-7.44880000000000e-08	-2.07292000000000e-07	-5.05373000000000e-07	-1.09123000000000e-06	-1.49357000000000e-06	-2.07084000000000e-06	-2.67500000000000e-06	-3.36161000000000e-06	-4.50260000000000e-06	-6.11636000000000e-06	-7.78577000000000e-06	-1.03461000000000e-05	-1.87995000000000e-05	-3.84653000000000e-05	-0.000145721000000000	-0.000609950000000000	-0.00202766000000000	-0.00423159000000000	-0.00617654000000000	-0.00844185000000000	-0.0122928000000000	-0.0153566000000000	-0.0168729000000000	-0.0219548000000000	-0.0349826000000000	-0.0740860000000000	0.339942100000000	-0.0560118000000000	-0.0281184000000000	-0.0151367000000000	-0.00975818000000000	-0.00711168000000000	-0.00544266000000000	-0.00415863000000000	-0.00298405000000000	-0.00218025000000000	-0.00166409000000000	-0.00129194000000000	-0.000995743000000000
0	0	0	0	0	0	0	0	0	0	0	0	0	0	0	0	0	0	0	0	0	0	0	0	0	0	0	0	0	-1.83378000000000e-08	-3.95407000000000e-08	-1.09290000000000e-07	-1.80534000000000e-07	-3.93165000000000e-07	-5.17311000000000e-07	-7.04110000000000e-07	-9.34841000000000e-07	-1.19452000000000e-06	-1.57486000000000e-06	-2.11393000000000e-06	-2.73503000000000e-06	-3.73552000000000e-06	-6.73301000000000e-06	-1.39997000000000e-05	-5.50992000000000e-05	-0.000243008000000000	-0.000843092000000000	-0.00181414000000000	-0.00258859000000000	-0.00339143000000000	-0.00459796000000000	-0.00778222000000000	-0.00831502000000000	-0.0110170000000000	-0.0148389000000000	-0.0276084000000000	-0.0563093000000000	0.218300300000000	-0.0429841000000000	-0.0288123000000000	-0.0151895000000000	-0.00871542000000000	-0.00606836000000000	-0.00483638000000000	-0.00415692000000000	-0.00345639000000000	-0.00254332000000000	-0.00172547000000000	-0.00131175000000000
0	0	0	0	0	0	0	0	0	0	0	0	0	0	0	0	0	0	0	0	0	0	0	0	0	0	0	0	0	-1.07954000000000e-08	-2.32775000000000e-08	-6.43387000000000e-08	-8.50107000000000e-08	-1.88871000000000e-07	-2.40049000000000e-07	-3.10458000000000e-07	-4.15946000000000e-07	-5.36493000000000e-07	-6.98343000000000e-07	-9.30354000000000e-07	-1.21886000000000e-06	-1.68476000000000e-06	-3.03347000000000e-06	-6.35326000000000e-06	-2.54201000000000e-05	-0.000116540000000000	-0.000416692000000000	-0.000926525000000000	-0.00129837000000000	-0.00169036000000000	-0.00218187000000000	-0.00381299000000000	-0.00496900000000000	-0.00593026000000000	-0.00794659000000000	-0.0140743000000000	-0.0255387000000000	-0.0388273000000000	0.0515996000000000	-0.0292243000000000	-0.0222855000000000	-0.0123931000000000	-0.00746797000000000	-0.00525212000000000	-0.00388304000000000	-0.00301728000000000	-0.00262005000000000	-0.00232466000000000	-0.00178712000000000
0	0	0	0	0	0	0	0	0	0	0	0	0	0	0	0	0	0	0	0	0	0	0	0	0	0	0	0	0	-8.29087000000000e-09	-1.78771000000000e-08	-4.94121000000000e-08	-5.69537000000000e-08	-1.23712000000000e-07	-1.61998000000000e-07	-2.02681000000000e-07	-2.57396000000000e-07	-3.34062000000000e-07	-4.32654000000000e-07	-5.70805000000000e-07	-7.53765000000000e-07	-1.05026000000000e-06	-1.89057000000000e-06	-3.98271000000000e-06	-1.61104000000000e-05	-7.57981000000000e-05	-0.000276604000000000	-0.000634519000000000	-0.000884052000000000	-0.00114296000000000	-0.00145338000000000	-0.00243950000000000	-0.00394036000000000	-0.00429436000000000	-0.00573303000000000	-0.0101270000000000	-0.0147152000000000	-0.0278618000000000	-0.0312801000000000	0.173384000000000	-0.0239884000000000	-0.0193157000000000	-0.0124449000000000	-0.00790749000000000	-0.00530247000000000	-0.00377663000000000	-0.00283000000000000	-0.00226781000000000	-0.00205912000000000
0	0	0	0	0	0	0	0	0	0	0	0	0	0	0	0	0	0	0	0	0	0	0	0	0	0	0	0	0	-7.06259000000000e-09	-1.52287000000000e-08	-4.20918000000000e-08	-4.55235000000000e-08	-8.48450000000000e-08	-1.21809000000000e-07	-1.57727000000000e-07	-1.91328000000000e-07	-2.34913000000000e-07	-3.00632000000000e-07	-3.95957000000000e-07	-5.23112000000000e-07	-7.33700000000000e-07	-1.31995000000000e-06	-2.79360000000000e-06	-1.14285000000000e-05	-5.49710000000000e-05	-0.000202764000000000	-0.000482383000000000	-0.000675317000000000	-0.000859251000000000	-0.00109042000000000	-0.00166259000000000	-0.00327906000000000	-0.00346351000000000	-0.00481478000000000	-0.00775087000000000	-0.0110511000000000	-0.0171109000000000	-0.0277774000000000	-0.0279252000000000	0.00891690000000000	-0.0218021000000000	-0.0190646000000000	-0.0144293000000000	-0.00920725000000000	-0.00593755000000000	-0.00407404000000000	-0.00296501000000000	-0.00229539000000000
0	0	0	0	0	0	0	0	0	0	0	0	0	0	0	0	0	0	0	0	0	0	0	0	0	0	0	0	0	-5.17220000000000e-09	-1.11525000000000e-08	-3.08254000000000e-08	-3.31488000000000e-08	-5.71293000000000e-08	-7.68329000000000e-08	-1.06587000000000e-07	-1.35433000000000e-07	-1.56555000000000e-07	-1.87351000000000e-07	-2.38924000000000e-07	-3.17289000000000e-07	-4.44820000000000e-07	-7.99444000000000e-07	-1.69753000000000e-06	-7.02604000000000e-06	-3.44706000000000e-05	-0.000127661000000000	-0.000314974000000000	-0.000445439000000000	-0.000558025000000000	-0.000709322000000000	-0.00101704000000000	-0.00207664000000000	-0.00245243000000000	-0.00348173000000000	-0.00483643000000000	-0.00790356000000000	-0.00963788000000000	-0.0151635000000000	-0.0220594000000000	-0.0214008000000000	0.265665000000000	-0.0172026000000000	-0.0157631000000000	-0.0132263000000000	-0.00895181000000000	-0.00559868000000000	-0.00370511000000000	-0.00267013000000000
0	0	0	0	0	0	0	0	0	0	0	0	0	0	0	0	0	0	0	0	0	0	0	0	0	0	0	0	0	-3.11867000000000e-09	-6.72461000000000e-09	-1.85867000000000e-08	-1.99877000000000e-08	-3.44462000000000e-08	-4.47537000000000e-08	-5.96607000000000e-08	-8.01854000000000e-08	-9.41682000000000e-08	-1.07465000000000e-07	-1.28997000000000e-07	-1.64236000000000e-07	-2.31029000000000e-07	-4.13542000000000e-07	-8.78909000000000e-07	-3.67234000000000e-06	-1.82906000000000e-05	-6.78475000000000e-05	-0.000172380000000000	-0.000245418000000000	-0.000306335000000000	-0.000387009000000000	-0.000544943000000000	-0.00110396000000000	-0.00148715000000000	-0.00201192000000000	-0.00270314000000000	-0.00461209000000000	-0.00511731000000000	-0.00696576000000000	-0.0108317000000000	-0.0142721000000000	-0.0131190000000000	-0.0733949000000000	-0.0109854000000000	-0.0101564000000000	-0.00885528000000000	-0.00616504000000000	-0.00380484000000000	-0.00257029000000000
0	0	0	0	0	0	0	0	0	0	0	0	0	0	0	0	0	0	0	0	0	0	0	0	0	0	0	0	0	-2.63888000000000e-09	-5.69006000000000e-09	-1.57272000000000e-08	-1.69127000000000e-08	-2.91468000000000e-08	-3.78685000000000e-08	-4.96660000000000e-08	-6.67074000000000e-08	-7.96808000000000e-08	-9.09108000000000e-08	-1.06163000000000e-07	-1.28627000000000e-07	-1.72575000000000e-07	-3.08748000000000e-07	-6.55525000000000e-07	-2.75907000000000e-06	-1.39045000000000e-05	-5.16306000000000e-05	-0.000134557000000000	-0.000192024000000000	-0.000240639000000000	-0.000300294000000000	-0.000419987000000000	-0.000827712000000000	-0.00125779000000000	-0.00159911000000000	-0.00221054000000000	-0.00362463000000000	-0.00419274000000000	-0.00503606000000000	-0.00707372000000000	-0.0111125000000000	-0.0123654000000000	-0.0112971000000000	0.0513695000000000	-0.00962807000000000	-0.00888050000000000	-0.00773832000000000	-0.00540674000000000	-0.00348188000000000
0	0	0	0	0	0	0	0	0	0	0	0	0	0	0	0	0	0	0	0	0	0	0	0	0	0	0	0	0	-2.15908000000000e-09	-4.65550000000000e-09	-1.28677000000000e-08	-1.38376000000000e-08	-2.38474000000000e-08	-3.09833000000000e-08	-4.06310000000000e-08	-5.44128000000000e-08	-6.51934000000000e-08	-7.43816000000000e-08	-8.68074000000000e-08	-1.04043000000000e-07	-1.31175000000000e-07	-2.23539000000000e-07	-4.72434000000000e-07	-2.00210000000000e-06	-1.02047000000000e-05	-3.79193000000000e-05	-0.000101400000000000	-0.000144921000000000	-0.000183267000000000	-0.000225102000000000	-0.000313603000000000	-0.000572489000000000	-0.00102738000000000	-0.00124861000000000	-0.00171094000000000	-0.00258608000000000	-0.00358020000000000	-0.00369853000000000	-0.00471653000000000	-0.00705160000000000	-0.0103155000000000	-0.0103834000000000	-0.00957068000000000	-0.671452110000000	-0.00811858000000000	-0.00748499000000000	-0.00656621000000000	-0.00484128000000000
0	0	0	0	0	0	0	0	0	0	0	0	0	0	0	0	0	0	0	0	0	0	0	0	0	0	0	0	0	-1.67929000000000e-09	-3.62095000000000e-09	-1.00082000000000e-08	-1.07626000000000e-08	-1.85480000000000e-08	-2.40981000000000e-08	-3.16019000000000e-08	-4.23210000000000e-08	-5.07060000000000e-08	-5.78523000000000e-08	-6.75169000000000e-08	-8.09226000000000e-08	-1.01409000000000e-07	-1.57355000000000e-07	-3.25295000000000e-07	-1.37952000000000e-06	-7.10980000000000e-06	-2.64185000000000e-05	-7.26476000000000e-05	-0.000103833000000000	-0.000132706000000000	-0.000160931000000000	-0.000223010000000000	-0.000365206000000000	-0.000792256000000000	-0.000928210000000000	-0.00126320000000000	-0.00178397000000000	-0.00280953000000000	-0.00271469000000000	-0.00317035000000000	-0.00429638000000000	-0.00659682000000000	-0.00855453000000000	-0.00834175000000000	-0.00767327000000000	-0.862122550000000	-0.00651179000000000	-0.00604923000000000	-0.00543705000000000
0	0	0	0	0	0	0	0	0	0	0	0	0	0	0	0	0	0	0	0	0	0	0	0	0	0	0	0	0	-1.19949000000000e-09	-2.58639000000000e-09	-7.14874000000000e-09	-7.68757000000000e-09	-1.32485000000000e-08	-1.72130000000000e-08	-2.25728000000000e-08	-3.02293000000000e-08	-3.62186000000000e-08	-4.13231000000000e-08	-4.82263000000000e-08	-5.78018000000000e-08	-7.24347000000000e-08	-1.09128000000000e-07	-2.11135000000000e-07	-8.72463000000000e-07	-4.54421000000000e-06	-1.68906000000000e-05	-4.78538000000000e-05	-6.84920000000000e-05	-8.80872000000000e-05	-0.000106128000000000	-0.000145667000000000	-0.000226497000000000	-0.000580467000000000	-0.000643553000000000	-0.000879433000000000	-0.00117744000000000	-0.00179088000000000	-0.00203929000000000	-0.00205174000000000	-0.00255298000000000	-0.00357499000000000	-0.00516034000000000	-0.00629651000000000	-0.00613170000000000	-0.00564408000000000	0.272652060000000	-0.00482538000000000	-0.00452368000000000
0	0	0	0	0	0	0	0	0	0	0	0	0	0	0	0	0	0	0	0	0	0	0	0	0	0	0	0	0	0	-1.55183000000000e-09	-4.28924000000000e-09	-4.61254000000000e-09	-7.94913000000000e-09	-1.03278000000000e-08	-1.35437000000000e-08	-1.81376000000000e-08	-2.17311000000000e-08	-2.47939000000000e-08	-2.89358000000000e-08	-3.46811000000000e-08	-4.34608000000000e-08	-6.54770000000000e-08	-1.23753000000000e-07	-4.68039000000000e-07	-2.43958000000000e-06	-9.07401000000000e-06	-2.63738000000000e-05	-3.81070000000000e-05	-4.90324000000000e-05	-5.90599000000000e-05	-7.98677000000000e-05	-0.000122053000000000	-0.000344140000000000	-0.000371373000000000	-0.000523582000000000	-0.000661990000000000	-0.000882162000000000	-0.00130467000000000	-0.00118996000000000	-0.00134783000000000	-0.00171601000000000	-0.00231027000000000	-0.00319320000000000	-0.00390466000000000	-0.00380594000000000	-0.00350903000000000	-0.306903870000000	-0.00301616000000000
0	0	0	0	0	0	0	0	0	0	0	0	0	0	0	0	0	0	0	0	0	0	0	0	0	0	0	0	0	0	0	-1.42975000000000e-09	-1.53751000000000e-09	-2.64971000000000e-09	-3.44259000000000e-09	-4.51456000000000e-09	-6.04586000000000e-09	-7.24371000000000e-09	-8.26462000000000e-09	-9.64527000000000e-09	-1.15604000000000e-08	-1.44869000000000e-08	-2.18257000000000e-08	-4.12407000000000e-08	-1.46140000000000e-07	-7.34780000000000e-07	-2.73227000000000e-06	-8.10001000000000e-06	-1.17657000000000e-05	-1.52355000000000e-05	-1.83902000000000e-05	-2.44765000000000e-05	-3.71832000000000e-05	-0.000101270000000000	-0.000115470000000000	-0.000175559000000000	-0.000202636000000000	-0.000264093000000000	-0.000391034000000000	-0.000433945000000000	-0.000413234000000000	-0.000488826000000000	-0.000615213000000000	-0.000809158000000000	-0.00113702000000000	-0.00135155000000000	-0.00130322000000000	-0.00119572000000000	-0.656345620000000