1.28651000000000
1.56506000000000
1.97023000000000
1.91181000000000
2.50571000000000
3.12812000000000
3.63777000000000
4.01625000000000
4.29546000000000
4.44781000000000
4.55675000000000
4.62487000000000
4.66701000000000
4.69289000000000
4.70871000000000
4.71872000000000
4.72613000000000
4.73090000000000
4.73393000000000
4.73647000000000
4.73813000000000
4.73879000000000
4.73906000000000
4.73925000000000
4.73946000000000
4.73970000000000
4.74024000000000
4.74089000000000
4.74127000000000
4.73924875415000
4.74049533231000
4.74134762023000
4.74176910154000
4.74205601995000
4.74215808090000
4.74224397838000
4.74234188892000
4.74239451959000
4.74243710699000
4.74247591290000
4.74251544948000
4.74259959875000
4.74274368353000
4.74300922680000
4.74370686423000
4.74470781961000
4.74605693533000
4.74702681886000
4.74700698311000
4.74988735723000
4.74984055852000
4.74449109904000
4.75226073304000
4.75407286599000
4.75371565664000
4.81188284403000
4.79956415659000
4.91246421850000
5.02686765936000
4.84819129523000
4.95892104955000
4.69585845648000
5.01710432929000
4.84484242994000
5.37407518879000
5.15401061239000
3.78495338566000
4.35095192948000
3.70708262193000