1.00000000e-03,4.99793946e-01
1.07189132e-03,4.99782734e-01
1.14895100e-03,4.99770717e-01
1.23155060e-03,4.99757837e-01
1.32008840e-03,4.99744033e-01
1.41499130e-03,4.99729238e-01
1.51671689e-03,4.99713382e-01
1.62575567e-03,4.99696387e-01
1.74263339e-03,4.99678173e-01
1.86791360e-03,4.99658652e-01
2.00220037e-03,4.99637732e-01
2.14614120e-03,4.99615311e-01
2.30043012e-03,4.99591282e-01
2.46581108e-03,4.99565530e-01
2.64308149e-03,4.99537933e-01
2.83309610e-03,4.99508359e-01
3.03677112e-03,4.99476665e-01
3.25508860e-03,4.99442701e-01
3.48910121e-03,4.99406305e-01
3.73993730e-03,4.99367304e-01
4.00880633e-03,4.99325512e-01
4.29700470e-03,4.99280730e-01
4.60592204e-03,4.99232745e-01
4.93704785e-03,4.99181330e-01
5.29197874e-03,4.99126241e-01
5.67242607e-03,4.99067216e-01
6.08022426e-03,4.99003978e-01
6.51733960e-03,4.98936227e-01
6.98587975e-03,4.98863644e-01
7.48810386e-03,4.98785886e-01
8.02643352e-03,4.98702590e-01
8.60346442e-03,4.98613364e-01
9.22197882e-03,4.98517789e-01
9.88495905e-03,4.98415421e-01
1.05956018e-02,4.98305782e-01
1.13573336e-02,4.98188362e-01
1.21738273e-02,4.98062616e-01
1.30490198e-02,4.97927964e-01
1.39871310e-02,4.97783784e-01
1.49926843e-02,4.97629414e-01
1.60705282e-02,4.97464148e-01
1.72258597e-02,4.97287231e-01
1.84642494e-02,4.97097861e-01
1.97916687e-02,4.96895180e-01
2.12145178e-02,4.96678276e-01
2.27396575e-02,4.96446178e-01
2.43744415e-02,4.96197851e-01
2.61267523e-02,4.95932196e-01
2.80050389e-02,4.95648044e-01
3.00183581e-02,4.95344152e-01
3.21764175e-02,4.95019200e-01
3.44896226e-02,4.94671791e-01
3.69691271e-02,4.94300439e-01
3.96268864e-02,4.93903573e-01
4.24757155e-02,4.93479529e-01
4.55293507e-02,4.93026547e-01
4.88025158e-02,4.92542772e-01
5.23109931e-02,4.92026240e-01
5.60716994e-02,4.91474886e-01
6.01027678e-02,4.90886537e-01
6.44236351e-02,4.90258907e-01
6.90551352e-02,4.89589598e-01
7.40196000e-02,4.88876098e-01
7.93409667e-02,4.88115782e-01
8.50448934e-02,4.87305906e-01
9.11588830e-02,4.86443619e-01
9.77124154e-02,4.85525953e-01
1.04737090e-01,4.84549838e-01
1.12266777e-01,4.83512096e-01
1.20337784e-01,4.82409459e-01
1.28989026e-01,4.81238570e-01
1.38262217e-01,4.79995994e-01
1.48202071e-01,4.78678236e-01
1.58856513e-01,4.77281752e-01
1.70276917e-01,4.75802969e-01
1.82518349e-01,4.74238306e-01
1.95639834e-01,4.72584197e-01
2.09704640e-01,4.70837120e-01
2.24780583e-01,4.68993625e-01
2.40940356e-01,4.67050369e-01
2.58261876e-01,4.65004155e-01
2.76828663e-01,4.62851968e-01
2.96730241e-01,4.60591018e-01
3.18062569e-01,4.58218787e-01
3.40928507e-01,4.55733077e-01
3.65438307e-01,4.53132055e-01
3.91710149e-01,4.50414304e-01
4.19870708e-01,4.47578876e-01
4.50055768e-01,4.44625334e-01
4.82410870e-01,4.41553805e-01
5.17092024e-01,4.38365023e-01
5.54266452e-01,4.35060373e-01
5.94113398e-01,4.31641931e-01
6.36824994e-01,4.28112500e-01
6.82607183e-01,4.24475655e-01
7.31680714e-01,4.20735783e-01
7.84282206e-01,4.16898137e-01
8.40665289e-01,4.12968917e-01
9.01101825e-01,4.08955392e-01
9.65883224e-01,4.04866094e-01
1.03532184e+00,4.00711137e-01
1.10975250e+00,3.96502750e-01
1.18953407e+00,3.92256143e-01
1.27505124e+00,3.87990954e-01
1.36671636e+00,3.83733633e-01
1.46497140e+00,3.79521420e-01
1.57029012e+00,3.75409078e-01
1.68318035e+00,3.71480404e-01
1.80418641e+00,3.67868570e-01
1.93389175e+00,3.64794109e-01
2.07292178e+00,3.62647730e-01
2.22194686e+00,3.60736401e-01
2.38168555e+00,3.57980179e-01
2.55290807e+00,3.54416548e-01
2.73644000e+00,3.50097153e-01
2.93316628e+00,3.45087188e-01
3.14403547e+00,3.39464343e-01
3.37006433e+00,3.33317380e-01
3.61234270e+00,3.26744418e-01
3.87203878e+00,3.19851126e-01
4.15040476e+00,3.12748854e-01
4.44878283e+00,3.05553091e-01
4.76861170e+00,2.98382257e-01
5.11143348e+00,2.91357222e-01
5.47890118e+00,2.84601770e-01
5.87278661e+00,2.78244354e-01
6.29498899e+00,2.72421431e-01
6.74754405e+00,2.67282530e-01
7.23263390e+00,2.62996534e-01
7.75259749e+00,2.59757054e-01
8.30994195e+00,2.57781560e-01
8.90735464e+00,2.87244966e-01
9.54771611e+00,3.50424187e-01
1.02341140e+01,4.19066271e-01
1.09698580e+01,4.55612356e-01
1.17584955e+01,4.38501876e-01
1.26038293e+01,4.22121356e-01
1.35099352e+01,4.06475892e-01
1.44811823e+01,3.91563572e-01
1.55222536e+01,3.77376650e-01
1.66381689e+01,3.63902604e-01
1.78343088e+01,3.51125061e-01
1.91164408e+01,3.41565130e-01
2.04907469e+01,3.52530762e-01
2.19638537e+01,3.63313807e-01
2.35428641e+01,3.73913228e-01
2.52353917e+01,3.84361488e-01
2.70495973e+01,3.94646926e-01
2.89942285e+01,4.04704766e-01
3.10786619e+01,4.14441951e-01
3.33129479e+01,4.23755951e-01
3.57078596e+01,4.32543594e-01
3.82749448e+01,4.40704801e-01
4.10265811e+01,4.48144429e-01
4.39760361e+01,4.54773587e-01
4.71375313e+01,4.60510978e-01
5.05263107e+01,4.65284452e-01
5.41587138e+01,4.69032820e-01
5.80522552e+01,4.71707948e-01
6.22257084e+01,4.73277061e-01
6.66991966e+01,4.73725189e-01
7.14942899e+01,4.73057592e-01
7.66341087e+01,4.71301924e-01
8.21434358e+01,4.68509847e-01
8.80488358e+01,4.64757676e-01
9.43787828e+01,4.60145656e-01
1.01163798e+02,4.54795493e-01
1.08436597e+02,4.48845969e-01
1.16232247e+02,4.42446742e-01
1.24588336e+02,4.35750853e-01
1.33545156e+02,4.28906786e-01
1.43145894e+02,4.22051124e-01
1.53436841e+02,4.15302760e-01
1.64467618e+02,4.23606132e-01
1.76291412e+02,4.54506893e-01
1.88965234e+02,4.37442355e-01
2.02550194e+02,4.21108332e-01
2.17111795e+02,4.05509440e-01
2.32720248e+02,3.90643362e-01
2.49450814e+02,3.84543472e-01
2.67384162e+02,3.80686136e-01
2.86606762e+02,3.76848372e-01
3.07211300e+02,3.73042598e-01
3.29297126e+02,3.69281064e-01
3.52970730e+02,3.65576057e-01
3.78346262e+02,3.61940124e-01
4.05546074e+02,3.58386312e-01
4.34701316e+02,3.54928446e-01
4.65952567e+02,3.51581434e-01
4.99450512e+02,3.48361638e-01
5.35356668e+02,3.45287298e-01
5.73844165e+02,3.42379055e-01
6.15098579e+02,3.39576781e-01
6.59318827e+02,3.36653010e-01
7.06718127e+02,3.33566735e-01
7.57525026e+02,3.30286681e-01
8.11984499e+02,3.26779364e-01
8.70359136e+02,3.23009240e-01
9.32930403e+02,3.18938961e-01
1.00000000e+03,3.14529788e-01
