1.00000000e-03,2.27896660e-01
1.07189132e-03,2.27896928e-01
1.14895100e-03,2.27897291e-01
1.23155060e-03,2.27897630e-01
1.32008840e-03,2.27898070e-01
1.41499130e-03,2.27898554e-01
1.51671689e-03,2.27899130e-01
1.62575567e-03,2.27899748e-01
1.74263339e-03,2.27900490e-01
1.86791360e-03,2.27901336e-01
2.00220037e-03,2.27902317e-01
2.14614120e-03,2.27903428e-01
2.30043012e-03,2.27904701e-01
2.46581108e-03,2.27906187e-01
2.64308149e-03,2.27907880e-01
2.83309610e-03,2.27909807e-01
3.03677112e-03,2.27912012e-01
3.25508860e-03,2.27914614e-01
3.48910121e-03,2.27917557e-01
3.73993730e-03,2.27920950e-01
4.00880633e-03,2.27924830e-01
4.29700470e-03,2.27929304e-01
4.60592204e-03,2.27934434e-01
4.93704785e-03,2.27940325e-01
5.29197874e-03,2.27947100e-01
5.67242607e-03,2.27954891e-01
6.08022426e-03,2.27963836e-01
6.51733960e-03,2.27974112e-01
6.98587975e-03,2.27901850e-01
7.48810386e-03,2.27999476e-01
8.02643352e-03,2.28015060e-01
8.60346442e-03,2.28032962e-01
9.22197882e-03,2.28053533e-01
9.88495905e-03,2.28077162e-01
1.05956018e-02,2.28104308e-01
1.13573336e-02,2.28135498e-01
1.21738273e-02,2.28171326e-01
1.30490198e-02,2.28212487e-01
1.39871310e-02,2.28259777e-01
1.49926843e-02,2.28314102e-01
1.60705282e-02,2.28376510e-01
1.72258597e-02,2.28448199e-01
1.84642494e-02,2.28530561e-01
1.97916687e-02,2.28625169e-01
2.12145178e-02,2.28733852e-01
2.27396575e-02,2.28858696e-01
2.43744415e-02,2.29002115e-01
2.61267523e-02,2.29166859e-01
2.80050389e-02,2.29356103e-01
3.00183581e-02,2.29573492e-01
3.21764175e-02,2.29823216e-01
3.44896226e-02,2.30110092e-01
3.69691271e-02,2.30439662e-01
3.96268864e-02,2.30818307e-01
4.24757155e-02,2.31253374e-01
4.55293507e-02,2.31753343e-01
4.88025158e-02,2.32328006e-01
5.23109931e-02,2.32988696e-01
5.60716994e-02,2.33748559e-01
6.01027678e-02,2.34622891e-01
6.44236351e-02,2.35629548e-01
6.90551352e-02,2.36789465e-01
7.40196000e-02,2.38127296e-01
7.93409667e-02,2.39672220e-01
8.50448934e-02,2.41458913e-01
9.11588830e-02,2.43528722e-01
9.77124154e-02,2.45930980e-01
1.04737090e-01,2.48724348e-01
1.12266777e-01,2.51977904e-01
1.20337784e-01,2.55771535e-01
1.28989026e-01,2.60195053e-01
1.38262217e-01,2.65345526e-01
1.48202071e-01,2.71322983e-01
1.58856513e-01,2.78225787e-01
1.70276917e-01,2.86148364e-01
1.82518349e-01,2.95185484e-01
1.95639834e-01,3.05113878e-01
2.09704640e-01,3.14970113e-01
2.24780583e-01,3.24637979e-01
2.40940356e-01,3.34060107e-01
2.58261876e-01,3.42863835e-01
2.76828663e-01,3.50782651e-01
2.96730241e-01,3.57728105e-01
3.18062569e-01,3.63620566e-01
3.40928507e-01,3.68390586e-01
3.65438307e-01,3.71980148e-01
3.91710149e-01,3.74343820e-01
4.19870708e-01,3.75449799e-01
4.50055768e-01,3.75280812e-01
4.82410870e-01,3.73834847e-01
5.17092024e-01,3.71125637e-01
5.54266452e-01,3.67182843e-01
5.94113398e-01,3.62051878e-01
6.36824994e-01,3.56234194e-01
6.82607183e-01,3.68879959e-01
7.31680714e-01,3.81352547e-01
7.84282206e-01,3.93585055e-01
8.40665289e-01,4.05508218e-01
9.01101825e-01,4.17051173e-01
9.65883224e-01,4.28142378e-01
1.03532184e+00,4.38710658e-01
1.10975250e+00,4.48686399e-01
1.18953407e+00,4.58002844e-01
1.27505124e+00,4.66597470e-01
1.36671636e+00,4.74413407e-01
1.46497140e+00,4.81400838e-01
1.57029012e+00,4.87518333e-01
1.68318035e+00,4.92734040e-01
1.80418641e+00,4.97026680e-01
1.93389175e+00,5.00386288e-01
2.07292178e+00,5.02814642e-01
2.22194686e+00,5.04325347e-01
2.38168555e+00,5.04943566e-01
2.55290807e+00,5.04705384e-01
2.73644000e+00,5.03656832e-01
2.93316628e+00,5.01852626e-01
3.14403547e+00,4.99354658e-01
3.37006433e+00,4.96230333e-01
3.61234270e+00,4.92550808e-01
3.87203878e+00,4.88389241e-01
4.15040476e+00,4.83819100e-01
4.44878283e+00,4.78912606e-01
4.76861170e+00,4.73739371e-01
5.11143348e+00,4.68365253e-01
5.47890118e+00,4.62851448e-01
5.87278661e+00,4.57253836e-01
6.29498899e+00,4.51622553e-01
6.74754405e+00,4.46032648e-01
7.23263390e+00,4.40598353e-01
7.75259749e+00,4.35291952e-01
8.30994195e+00,4.30095227e-01
8.90735464e+00,4.25002646e-01
9.54771611e+00,4.20015459e-01
1.02341140e+01,4.15138465e-01
1.09698580e+01,4.10378124e-01
1.17584955e+01,4.05741417e-01
1.26038293e+01,4.01235156e-01
1.35099352e+01,3.96865560e-01
1.44811823e+01,3.92638025e-01
1.55222536e+01,3.88557018e-01
1.66381689e+01,3.84626065e-01
1.78343088e+01,3.80847816e-01
1.91164408e+01,3.77224168e-01
2.04907469e+01,3.73756446e-01
2.19638537e+01,3.70444137e-01
2.35428641e+01,3.67239462e-01
2.52353917e+01,3.64106507e-01
2.70495973e+01,3.61026922e-01
2.89942285e+01,3.57980913e-01
3.10786619e+01,3.54947161e-01
3.33129479e+01,3.51902731e-01
3.57078596e+01,3.48822961e-01
3.82749448e+01,3.45681355e-01
4.10265811e+01,3.42449479e-01
4.39760361e+01,3.39096887e-01
4.71375313e+01,3.35591069e-01
5.05263107e+01,3.31897467e-01
5.41587138e+01,3.27979562e-01
5.80522552e+01,3.23799064e-01
6.22257084e+01,3.19316236e-01
6.66991966e+01,3.14490383e-01
7.14942899e+01,3.09280531e-01
7.66341087e+01,3.03646334e-01
8.21434358e+01,2.97549215e-01
8.80488358e+01,2.90953775e-01
9.43787828e+01,2.83829427e-01
1.01163798e+02,2.76152242e-01
1.08436597e+02,2.67906931e-01
1.16232247e+02,2.59088856e-01
1.24588336e+02,2.49705926e-01
1.33545156e+02,2.39780210e-01
1.43145894e+02,2.29349070e-01
1.53436841e+02,2.18465628e-01
1.64467618e+02,2.07198412e-01
1.76291412e+02,1.95630072e-01
1.88965234e+02,1.83855153e-01
2.02550194e+02,1.71977015e-01
2.17111795e+02,1.60104078e-01
2.32720248e+02,1.48345677e-01
2.49450814e+02,1.36807838e-01
2.67384162e+02,1.25589325e-01
2.86606762e+02,1.14778252e-01
3.07211300e+02,1.04449492e-01
3.29297126e+02,9.46630080e-02
3.52970730e+02,8.54631331e-02
3.78346262e+02,7.68787365e-02
4.05546074e+02,6.89241294e-02
4.34701316e+02,6.16005343e-02
4.65952567e+02,5.48979202e-02
4.99450512e+02,4.87970200e-02
5.35356668e+02,4.32713706e-02
5.73844165e+02,3.82892539e-02
6.15098579e+02,3.38154536e-02
6.59318827e+02,2.98127763e-02
7.06718127e+02,2.62433187e-02
7.57525026e+02,2.30694799e-02
8.11984499e+02,2.02547369e-02
8.70359136e+02,1.95466520e-02
9.32930403e+02,1.91763163e-02
1.00000000e+03,1.88236048e-02
