1.00000000e-02,4.99627039e-01
1.12201845e-02,4.99577105e-01
1.25892541e-02,4.99519459e-01
1.41253754e-02,4.99452915e-01
1.58489319e-02,4.99376102e-01
1.77827941e-02,4.99287441e-01
1.99526231e-02,4.99185112e-01
2.23872114e-02,4.99067017e-01
2.51188643e-02,4.98930741e-01
2.81838293e-02,4.98773503e-01
3.16227766e-02,4.98592100e-01
3.54813389e-02,4.98382850e-01
3.98107171e-02,4.98141521e-01
4.46683592e-02,4.97863251e-01
5.01187234e-02,4.97542462e-01
5.62341325e-02,4.97172756e-01
6.30957344e-02,4.96746812e-01
7.07945784e-02,4.96256257e-01
7.94328235e-02,4.95691536e-01
8.91250938e-02,4.95041765e-01
1.00000000e-01,4.94294576e-01
1.12201845e-01,4.93435959e-01
1.25892541e-01,4.92450094e-01
1.41253754e-01,4.91319196e-01
1.58489319e-01,4.90023367e-01
1.77827941e-01,4.88540486e-01
1.99526231e-01,4.86846146e-01
2.23872114e-01,4.84913676e-01
2.51188643e-01,4.82714276e-01
2.81838293e-01,4.80217333e-01
3.16227766e-01,4.77390979e-01
3.54813389e-01,4.74202969e-01
3.98107171e-01,4.70622014e-01
4.46683592e-01,4.66619682e-01
5.01187234e-01,4.62173043e-01
5.62341325e-01,4.57268257e-01
6.30957344e-01,4.51905358e-01
7.07945784e-01,4.46104573e-01
7.94328235e-01,4.39914690e-01
8.91250938e-01,4.33424247e-01
1.00000000e+00,4.26776815e-01
1.02920053e+00,4.25114151e-01
1.05925373e+00,4.23459279e-01
1.09018449e+00,4.21817028e-01
1.12201845e+00,4.20192746e-01
1.15478198e+00,4.18592388e-01
1.18850223e+00,4.17022620e-01
1.22320712e+00,4.15490997e-01
1.25892541e+00,4.14006237e-01
1.29568670e+00,4.12578712e-01
1.33352143e+00,4.11221335e-01
1.37246096e+00,4.09951276e-01
1.41253754e+00,4.08793300e-01
1.45378439e+00,4.07785744e-01
1.49623566e+00,4.06983631e-01
1.53992653e+00,4.06393099e-01
1.58489319e+00,4.05825216e-01
1.63117291e+00,4.05156554e-01
1.67880402e+00,4.04386371e-01
1.72782598e+00,4.03517987e-01
1.77827941e+00,4.02555660e-01
1.83020611e+00,4.02168957e-01
1.88364909e+00,4.02742560e-01
1.93865264e+00,4.03247185e-01
1.99526231e+00,4.03682394e-01
2.05352503e+00,4.04047836e-01
2.11348904e+00,4.04343260e-01
2.17520403e+00,4.04568536e-01
2.23872114e+00,4.04723668e-01
2.30409298e+00,4.04808817e-01
2.37137371e+00,4.05767248e-01
2.44061907e+00,4.06961220e-01
2.51188643e+00,4.08293261e-01
2.58523484e+00,4.09753380e-01
2.66072506e+00,4.11332615e-01
2.73841963e+00,4.13022344e-01
2.81838293e+00,4.14814047e-01
2.90068120e+00,4.16699205e-01
2.98538262e+00,4.18669275e-01
3.07255737e+00,4.20715670e-01
3.16227766e+00,4.22829768e-01
3.25461783e+00,4.25002914e-01
3.34965439e+00,4.27226423e-01
3.44746607e+00,4.29491593e-01
3.54813389e+00,4.31789705e-01
3.65174127e+00,4.34112038e-01
3.75837404e+00,4.36449869e-01
3.86812055e+00,4.38794484e-01
3.98107171e+00,4.41137186e-01
4.09732110e+00,4.43469301e-01
4.21696503e+00,4.45782187e-01
4.34010264e+00,4.48067243e-01
4.46683592e+00,4.50315917e-01
4.59726989e+00,4.52519716e-01
4.73151259e+00,4.54670212e-01
4.86967525e+00,4.56759055e-01
5.01187234e+00,4.58777981e-01
5.15822165e+00,4.60718817e-01
5.30884444e+00,4.62573495e-01
5.46386550e+00,4.64334056e-01
5.62341325e+00,4.65992657e-01
5.78761988e+00,4.67541576e-01
5.95662144e+00,4.68973213e-01
6.13055792e+00,4.70280093e-01
6.30957344e+00,4.71454853e-01
6.49381632e+00,4.72490238e-01
6.68343918e+00,4.73379072e-01
6.87859912e+00,4.74114233e-01
7.07945784e+00,4.74688601e-01
7.28618175e+00,4.75095004e-01
7.49894209e+00,4.75326129e-01
7.71791516e+00,4.75374032e-01
7.94328235e+00,4.75192732e-01
8.17523038e+00,4.74731695e-01
8.41395142e+00,4.73983399e-01
8.65964323e+00,4.72940738e-01
8.91250938e+00,4.71596592e-01
9.17275935e+00,4.69943816e-01
9.44060876e+00,4.67975232e-01
9.71627952e+00,4.66884953e-01
1.00000000e+01,4.65989620e-01
1.02920053e+01,4.64820540e-01
1.05925373e+01,4.63371953e-01
1.09018449e+01,4.61638475e-01
1.12201845e+01,4.59615136e-01
1.15478198e+01,4.57297423e-01
1.18850223e+01,4.54681331e-01
1.22320712e+01,4.51763410e-01
1.25892541e+01,4.48540833e-01
1.29568670e+01,4.45011463e-01
1.33352143e+01,4.41173925e-01
1.37246096e+01,4.37040161e-01
1.41253754e+01,4.32665068e-01
1.45378439e+01,4.28048914e-01
1.49623566e+01,4.23186170e-01
1.53992653e+01,4.18073097e-01
1.58489319e+01,4.12707643e-01
1.63117291e+01,4.07089375e-01
1.67880402e+01,4.01219433e-01
1.72782598e+01,3.95100514e-01
1.77827941e+01,3.88736877e-01
1.83020611e+01,3.82134370e-01
1.88364909e+01,3.75300478e-01
1.93865264e+01,3.68244388e-01
1.99526231e+01,3.60977071e-01
2.05352503e+01,3.53614727e-01
2.11348904e+01,3.46259016e-01
2.17520403e+01,3.38789275e-01
2.23872114e+01,3.31226175e-01
2.30409298e+01,3.23591685e-01
2.37137371e+01,3.15908843e-01
2.44061907e+01,3.19716085e-01
2.51188643e+01,3.30898453e-01
2.58523484e+01,3.42808540e-01
2.66072506e+01,3.55492827e-01
2.73841963e+01,3.68999067e-01
2.81838293e+01,3.83376010e-01
2.90068120e+01,3.98673080e-01
2.98538262e+01,4.14940040e-01
3.07255737e+01,4.32226626e-01
3.16227766e+01,4.50582190e-01
3.25461783e+01,4.55184508e-01
3.34965439e+01,4.49646897e-01
3.44746607e+01,4.44165055e-01
3.54813389e+01,4.38738180e-01
3.65174127e+01,4.33365464e-01
3.75837404e+01,4.28046092e-01
3.86812055e+01,4.22779239e-01
3.98107171e+01,4.17564080e-01
4.09732110e+01,4.12399783e-01
4.21696503e+01,4.07285518e-01
4.34010264e+01,4.02220454e-01
4.46683592e+01,3.97203765e-01
4.59726989e+01,3.92234627e-01
4.73151259e+01,3.87312228e-01
4.86967525e+01,3.82435762e-01
5.01187234e+01,3.77604439e-01
5.15822165e+01,3.72817484e-01
5.30884444e+01,3.68074140e-01
5.46386550e+01,3.63373674e-01
5.62341325e+01,3.58715376e-01
5.78761988e+01,3.54098568e-01
5.95662144e+01,3.49522602e-01
6.13055792e+01,3.44986870e-01
6.30957344e+01,3.40490802e-01
6.49381632e+01,3.36033874e-01
6.68343918e+01,3.31615613e-01
6.87859912e+01,3.27235598e-01
7.07945784e+01,3.22893465e-01
7.28618175e+01,3.18588917e-01
7.49894209e+01,3.14322250e-01
7.71791516e+01,3.10095340e-01
7.94328235e+01,3.05908724e-01
8.17523038e+01,3.01762903e-01
8.41395142e+01,2.97658493e-01
8.65964323e+01,2.93596227e-01
8.91250938e+01,2.89576951e-01
9.17275935e+01,2.85601631e-01
9.44060876e+01,2.81671345e-01
9.71627952e+01,2.77787288e-01
1.00000000e+02,2.73950767e-01
1.12201845e+02,2.59109856e-01
1.25892541e+02,2.45159997e-01
1.41253754e+02,2.32226460e-01
1.58489319e+02,2.20444261e-01
1.77827941e+02,2.09945982e-01
1.99526231e+02,2.00847506e-01
2.23872114e+02,1.93277422e-01
2.51188643e+02,1.87025568e-01
2.81838293e+02,1.81425868e-01
3.16227766e+02,1.76271927e-01
3.54813389e+02,1.71548477e-01
3.98107171e+02,1.67258456e-01
4.46683592e+02,1.63426018e-01
5.01187234e+02,1.61353973e-01
5.62341325e+02,1.60008388e-01
6.30957344e+02,1.58790054e-01
7.07945784e+02,1.57697690e-01
7.94328235e+02,1.56701143e-01
8.91250938e+02,1.55765458e-01
1.00000000e+03,1.54855919e-01
