1.00000000e-02,2.24325651e-01
1.12201845e-02,2.24530981e-01
1.25892541e-02,2.23893232e-01
1.41253754e-02,2.23699819e-01
1.58489319e-02,2.23358140e-01
1.77827941e-02,2.23045579e-01
1.99526231e-02,2.22699167e-01
2.23872114e-02,2.22315873e-01
2.51188643e-02,2.21892570e-01
2.81838293e-02,2.21426096e-01
3.16227766e-02,2.20913304e-01
3.54813389e-02,2.20351210e-01
3.98107171e-02,2.19737143e-01
4.46683592e-02,2.19068905e-01
5.01187234e-02,2.18345054e-01
5.62341325e-02,2.17565247e-01
6.30957344e-02,2.16730623e-01
7.07945784e-02,2.15844424e-01
7.94328235e-02,2.14912563e-01
8.91250938e-02,2.13944547e-01
1.00000000e-01,2.12954448e-01
1.12201845e-01,2.11962089e-01
1.25892541e-01,2.10994425e-01
1.41253754e-01,2.10087008e-01
1.58489319e-01,2.09285489e-01
1.77827941e-01,2.08646928e-01
1.99526231e-01,2.08240616e-01
2.23872114e-01,2.08147984e-01
2.51188643e-01,2.08461124e-01
2.81838293e-01,2.16362001e-01
3.16227766e-01,2.34905844e-01
3.54813389e-01,2.54132927e-01
3.98107171e-01,2.73910858e-01
4.46683592e-01,2.94096160e-01
5.01187234e-01,3.14542489e-01
5.62341325e-01,3.35108288e-01
6.30957344e-01,3.55661424e-01
7.07945784e-01,3.76078250e-01
7.94328235e-01,3.96235343e-01
8.91250938e-01,4.15993836e-01
1.00000000e+00,4.35178569e-01
1.02920053e+00,4.39859339e-01
1.05925373e+00,4.44485732e-01
1.09018449e+00,4.49053115e-01
1.12201845e+00,4.53556540e-01
1.15478198e+00,4.57990740e-01
1.18850223e+00,4.62350125e-01
1.22320712e+00,4.66628790e-01
1.25892541e+00,4.70820518e-01
1.29568670e+00,4.74918795e-01
1.33352143e+00,4.78916822e-01
1.37246096e+00,4.82807535e-01
1.41253754e+00,4.86583634e-01
1.45378439e+00,4.90237603e-01
1.49623566e+00,4.93761747e-01
1.53992653e+00,4.97148228e-01
1.58489319e+00,5.00389099e-01
1.63117291e+00,5.03476350e-01
1.67880402e+00,5.06401949e-01
1.72782598e+00,5.09157891e-01
1.77827941e+00,5.11736247e-01
1.83020611e+00,5.14129211e-01
1.88364909e+00,5.16329150e-01
1.93865264e+00,5.18328659e-01
1.99526231e+00,5.20120606e-01
2.05352503e+00,5.21698187e-01
2.11348904e+00,5.23054971e-01
2.17520403e+00,5.24184947e-01
2.23872114e+00,5.25082571e-01
2.30409298e+00,5.25742806e-01
2.37137371e+00,5.26161159e-01
2.44061907e+00,5.26333722e-01
2.51188643e+00,5.26257197e-01
2.58523484e+00,5.25928927e-01
2.66072506e+00,5.25346917e-01
2.73841963e+00,5.24509854e-01
2.81838293e+00,5.23417120e-01
2.90068120e+00,5.22068800e-01
2.98538262e+00,5.20465684e-01
3.07255737e+00,5.18609270e-01
3.16227766e+00,5.16501754e-01
3.25461783e+00,5.14146022e-01
3.34965439e+00,5.11545632e-01
3.44746607e+00,5.08704795e-01
3.54813389e+00,5.05628354e-01
3.65174127e+00,5.02321751e-01
3.75837404e+00,4.98791002e-01
3.86812055e+00,4.95042657e-01
3.98107171e+00,4.91083766e-01
4.09732110e+00,4.86921841e-01
4.21696503e+00,4.82564811e-01
4.34010264e+00,4.78020982e-01
4.46683592e+00,4.73298991e-01
4.59726989e+00,4.68407764e-01
4.73151259e+00,4.63356469e-01
4.86967525e+00,4.58154471e-01
5.01187234e+00,4.52811291e-01
5.15822165e+00,4.47336558e-01
5.30884444e+00,4.41739968e-01
5.46386550e+00,4.36031245e-01
5.62341325e+00,4.30220100e-01
5.78761988e+00,4.24316193e-01
5.95662144e+00,4.18329098e-01
6.13055792e+00,4.12268272e-01
6.30957344e+00,4.06143021e-01
6.49381632e+00,3.99962473e-01
6.68343918e+00,3.93735554e-01
6.87859912e+00,3.87470961e-01
7.07945784e+00,3.81177144e-01
7.28618175e+00,3.74862288e-01
7.49894209e+00,3.68534297e-01
7.71791516e+00,3.62200778e-01
7.94328235e+00,3.55869034e-01
8.17523038e+00,3.49546054e-01
8.41395142e+00,3.43238506e-01
8.65964323e+00,3.36952732e-01
8.91250938e+00,3.30694747e-01
9.17275935e+00,3.24470235e-01
9.44060876e+00,3.18284556e-01
9.71627952e+00,3.12142741e-01
1.00000000e+01,3.06049500e-01
1.02920053e+01,3.00009225e-01
1.05925373e+01,2.94025997e-01
1.09018449e+01,2.88103593e-01
1.12201845e+01,2.82245493e-01
1.15478198e+01,2.76454887e-01
1.18850223e+01,2.70734686e-01
1.22320712e+01,2.65087532e-01
1.25892541e+01,2.59515805e-01
1.29568670e+01,2.54021635e-01
1.33352143e+01,2.48606915e-01
1.37246096e+01,2.43273304e-01
1.41253754e+01,2.38022246e-01
1.45378439e+01,2.32854975e-01
1.49623566e+01,2.27772528e-01
1.53992653e+01,2.22775755e-01
1.58489319e+01,2.17865328e-01
1.63117291e+01,2.13041752e-01
1.67880402e+01,2.08305377e-01
1.72782598e+01,2.03656404e-01
1.77827941e+01,1.99094896e-01
1.83020611e+01,1.94620786e-01
1.88364909e+01,1.90233891e-01
1.93865264e+01,1.85933911e-01
1.99526231e+01,1.81720445e-01
2.05352503e+01,1.77592997e-01
2.11348904e+01,1.73550981e-01
2.17520403e+01,1.69593731e-01
2.23872114e+01,1.65720506e-01
2.30409298e+01,1.61930497e-01
2.37137371e+01,1.58222834e-01
2.44061907e+01,1.54596590e-01
2.51188643e+01,1.51050789e-01
2.58523484e+01,1.47584409e-01
2.66072506e+01,1.44196387e-01
2.73841963e+01,1.40885628e-01
2.81838293e+01,1.37651001e-01
2.90068120e+01,1.34491352e-01
2.98538262e+01,1.31405501e-01
3.07255737e+01,1.28392249e-01
3.16227766e+01,1.25450383e-01
3.25461783e+01,1.22578673e-01
3.34965439e+01,1.19775882e-01
3.44746607e+01,1.17040765e-01
3.54813389e+01,1.14372070e-01
3.65174127e+01,1.11768544e-01
3.75837404e+01,1.09228934e-01
3.86812055e+01,1.06751988e-01
3.98107171e+01,1.04336457e-01
4.09732110e+01,1.01982032e-01
4.21696503e+01,9.97815072e-02
4.34010264e+01,9.76311217e-02
4.46683592e+01,9.55301338e-02
4.59726989e+01,9.34777865e-02
4.73151259e+01,9.14733083e-02
4.86967525e+01,8.95159164e-02
5.01187234e+01,8.76048184e-02
5.15822165e+01,8.57392141e-02
5.30884444e+01,8.39182977e-02
5.46386550e+01,8.21412588e-02
5.62341325e+01,8.04072849e-02
5.78761988e+01,7.87155620e-02
5.95662144e+01,7.70652765e-02
6.13055792e+01,7.54556159e-02
6.30957344e+01,7.38857706e-02
6.49381632e+01,7.23549343e-02
6.68343918e+01,7.08623053e-02
6.87859912e+01,6.94070875e-02
7.07945784e+01,6.79884907e-02
7.28618175e+01,6.66057318e-02
7.49894209e+01,6.52580354e-02
7.71791516e+01,6.39446340e-02
7.94328235e+01,6.26647689e-02
8.17523038e+01,6.14176908e-02
8.41395142e+01,6.02026595e-02
8.65964323e+01,5.90189454e-02
8.91250938e+01,5.78658287e-02
9.17275935e+01,5.67426004e-02
9.44060876e+01,5.56485623e-02
9.71627952e+01,5.45830272e-02
1.00000000e+02,5.35453192e-02
1.12201845e+02,4.96596377e-02
1.25892541e+02,4.61680974e-02
1.41253754e+02,4.30329805e-02
1.58489319e+02,4.02195092e-02
1.77827941e+02,3.76957572e-02
1.99526231e+02,3.54325221e-02
2.23872114e+02,3.34031724e-02
2.51188643e+02,3.15834799e-02
2.81838293e+02,2.99514455e-02
3.16227766e+02,2.84871245e-02
3.54813389e+02,2.71724547e-02
3.98107171e+02,2.59910908e-02
4.46683592e+02,2.49282476e-02
5.01187234e+02,2.39705514e-02
5.62341325e+02,2.31059013e-02
6.30957344e+02,2.23233415e-02
7.07945784e+02,2.16129428e-02
7.94328235e+02,2.09656944e-02
8.91250938e+02,2.03734052e-02
1.00000000e+03,1.98286149e-02
