1.00000000e-03,9.99379229e+03
1.22527986e-03,9.99327368e+03
1.50131073e-03,9.99124482e+03
1.83952580e-03,9.98887161e+03
2.25393390e-03,9.98634572e+03
2.76169981e-03,9.98323228e+03
3.38385515e-03,9.97967562e+03
4.14616956e-03,9.97521744e+03
5.08021805e-03,9.96983183e+03
6.22468884e-03,9.96326664e+03
7.62698586e-03,9.95522925e+03
9.34519215e-03,9.94541141e+03
1.14504757e-02,9.93342261e+03
1.40300372e-02,9.91878266e+03
1.71907220e-02,9.90091479e+03
2.10634454e-02,9.87912860e+03
2.58086154e-02,9.85258864e+03
3.16227766e-02,9.82029745e+03
3.87467512e-02,9.78106681e+03
4.74756138e-02,9.73349346e+03
5.81709133e-02,9.67592994e+03
7.12756483e-02,9.60646098e+03
8.73326162e-02,9.52288514e+03
1.07006896e-01,9.42270841e+03
1.31113394e-01,9.30315140e+03
1.60650600e-01,9.16117940e+03
1.96841945e-01,8.99355903e+03
2.41186470e-01,8.79694365e+03
2.95520924e-01,8.56798774e+03
3.62095835e-01,8.30348187e+03
4.43668733e-01,8.00049610e+03
5.43618362e-01,7.65651824e+03
6.66084629e-01,7.26958347e+03
8.16140079e-01,6.83842000e+03
1.00000000e+00,6.36268226e+03
1.03945747e+00,6.26706649e+03
1.08047182e+00,6.16987883e+03
1.12310450e+00,6.07113653e+03
1.16741936e+00,5.97086019e+03
1.21348277e+00,5.86907397e+03
1.26136372e+00,5.76580597e+03
1.31113394e+00,5.66108854e+03
1.36286796e+00,5.55495867e+03
1.41664327e+00,5.44745828e+03
1.47254043e+00,5.33863466e+03
1.53064314e+00,5.22854079e+03
1.59103844e+00,5.11723573e+03
1.65381678e+00,5.00478493e+03
1.71907220e+00,4.89126056e+03
1.78690243e+00,4.77674180e+03
1.85740907e+00,4.66131508e+03
1.93069773e+00,4.54507426e+03
2.00687817e+00,4.42812076e+03
2.08606449e+00,4.31056359e+03
2.16837531e+00,4.19251936e+03
2.25393390e+00,4.07411207e+03
2.34286842e+00,3.95547295e+03
2.43531207e+00,3.83674007e+03
2.53140332e+00,3.71805788e+03
2.63128607e+00,3.59957667e+03
2.73510995e+00,3.48145180e+03
2.84303046e+00,3.36384296e+03
2.95520924e+00,3.24691322e+03
3.07181430e+00,3.13082800e+03
3.19302031e+00,3.01575395e+03
3.31900880e+00,2.90185781e+03
3.44996847e+00,2.78930512e+03
3.58609548e+00,2.67825898e+03
3.72759372e+00,2.56887874e+03
3.87467512e+00,2.46131872e+03
4.02755998e+00,2.35572697e+03
4.18647729e+00,2.25224411e+03
4.35166507e+00,2.15100214e+03
4.52337074e+00,2.05212349e+03
4.70185149e+00,1.95572011e+03
4.88737463e+00,1.86189268e+03
5.08021805e+00,1.77073001e+03
5.28067057e+00,1.68230857e+03
5.48903245e+00,1.59669216e+03
5.70561576e+00,1.51393180e+03
5.93074490e+00,1.43406568e+03
6.16475706e+00,1.35711933e+03
6.40800274e+00,1.28310592e+03
6.66084629e+00,1.21202669e+03
6.92366640e+00,1.14387145e+03
7.19685673e+00,1.07861921e+03
7.48082646e+00,1.01623894e+03
7.77600091e+00,9.56690291e+02
8.08282219e+00,8.99924446e+02
8.40174987e+00,8.45884980e+02
8.73326162e+00,7.94508721e+02
9.07785399e+00,7.45726630e+02
9.43604310e+00,6.99464666e+02
9.80836545e+00,6.55644618e+02
1.01953787e+01,6.14184926e+02
1.05976625e+01,5.75001438e+02
1.10158194e+01,5.38008141e+02
1.14504757e+01,5.03117828e+02
1.19022824e+01,4.70242716e+02
1.23719163e+01,4.39295011e+02
1.28600808e+01,4.10187406e+02
1.33675070e+01,3.82833535e+02
1.38949549e+01,3.57148364e+02
1.44432146e+01,3.33048532e+02
1.50131073e+01,3.10452639e+02
1.56054865e+01,2.89281489e+02
1.62212394e+01,2.69458289e+02
1.68612884e+01,2.50908802e+02
1.75265921e+01,2.33561470e+02
1.82181470e+01,2.17347498e+02
1.89369889e+01,2.02200909e+02
1.96841945e+01,1.88058574e+02
2.04608829e+01,1.74860216e+02
2.12682175e+01,1.62548394e+02
2.21074074e+01,1.51068471e+02
2.29797097e+01,1.40368565e+02
2.38864308e+01,1.30399491e+02
2.48289288e+01,1.21114687e+02
2.58086154e+01,1.12470138e+02
2.68269580e+01,1.04424288e+02
2.78854817e+01,9.69379562e+01
2.89857721e+01,8.99742346e+01
3.01294772e+01,8.34983998e+01
3.13183101e+01,7.74778132e+01
3.25540512e+01,7.18818253e+01
3.38385515e+01,6.66816791e+01
3.51737350e+01,6.18504153e+01
3.65616014e+01,5.73627791e+01
3.80042296e+01,5.31951298e+01
3.95037801e+01,4.93253519e+01
4.10624992e+01,4.57327700e+01
4.26827213e+01,4.23980661e+01
4.43668733e+01,3.93032008e+01
4.61174777e+01,3.64313373e+01
4.79371565e+01,3.37667684e+01
4.98286351e+01,3.12948480e+01
5.17947468e+01,2.90019250e+01
5.38384362e+01,2.68752806e+01
5.59627645e+01,2.49030692e+01
5.81709133e+01,2.30742626e+01
6.04661901e+01,2.13785967e+01
6.28520327e+01,1.98065216e+01
6.53320146e+01,1.83491546e+01
6.79098503e+01,1.69982355e+01
7.05894009e+01,1.57460857e+01
7.33746797e+01,1.45855681e+01
7.62698586e+01,1.35100511e+01
7.92792739e+01,1.25133737e+01
8.24074331e+01,1.15898137e+01
8.56590215e+01,1.07340569e+01
8.90389094e+01,9.94116922e+00
9.25521591e+01,9.20657043e+00
9.62040327e+01,8.52600913e+00
1.00000000e+02,7.89553987e+00
1.05372497e+02,7.11617815e+00
1.11033632e+02,6.41346193e+00
1.16998911e+02,5.77989869e+00
1.23284674e+02,5.20872111e+00
1.29908140e+02,4.69381803e+00
1.36887451e+02,4.22967183e+00
1.44241726e+02,3.81130163e+00
1.51991108e+02,3.43421173e+00
1.60156826e+02,3.09434497e+00
1.68761248e+02,2.78804040e+00
1.77827941e+02,2.51199503e+00
1.87381742e+02,2.26322914e+00
1.97448821e+02,2.03905493e+00
2.08056754e+02,1.83704818e+00
2.19234597e+02,1.65502257e+00
2.31012970e+02,1.49100654e+00
2.43424136e+02,1.34322231e+00
2.56502091e+02,1.21006693e+00
2.70282658e+02,1.09009526e+00
2.84803587e+02,9.82004423e-01
3.00104652e+02,8.84619955e-01
3.16227766e+02,7.96883155e-01
3.33217094e+02,7.17839744e-01
3.51119173e+02,6.46629604e-01
3.69983041e+02,5.82477524e-01
3.89860370e+02,5.24684847e-01
4.10805608e+02,4.72621935e-01
4.32876128e+02,4.25721375e-01
4.56132386e+02,3.83471842e-01
4.80638086e+02,3.45412576e-01
5.06460354e+02,3.11128389e-01
5.33669923e+02,2.80245173e-01
5.62341325e+02,2.52425843e-01
5.92553098e+02,2.27366678e-01
6.24387997e+02,2.04794031e-01
6.57933225e+02,1.84461351e-01
6.93280669e+02,1.66146510e-01
7.30527154e+02,1.55165587e-01
7.69774706e+02,1.54391085e-01
8.11130831e+02,1.53910539e-01
8.54708813e+02,1.53502573e-01
9.00628020e+02,1.53128662e-01
9.49014236e+02,1.52777505e-01
1.00000000e+03,1.52444515e-01
