1.00000000e-02,2.27906467e-01
1.12201845e-02,2.27909495e-01
1.25892541e-02,2.27913299e-01
1.41253754e-02,2.27918074e-01
1.58489319e-02,2.27924397e-01
1.77827941e-02,2.27931674e-01
1.99526231e-02,2.27941208e-01
2.23872114e-02,2.27953219e-01
2.51188643e-02,2.27968331e-01
2.81838293e-02,2.27987372e-01
3.16227766e-02,2.28011327e-01
3.54813389e-02,2.28041491e-01
3.98107171e-02,2.28079472e-01
4.46683592e-02,2.28127289e-01
5.01187234e-02,2.28187491e-01
5.62341325e-02,2.28263312e-01
6.30957344e-02,2.28358780e-01
7.07945784e-02,2.28479010e-01
7.94328235e-02,2.28630445e-01
8.91250938e-02,2.28821209e-01
1.00000000e-01,2.29061563e-01
1.12201845e-01,2.29364469e-01
1.25892541e-01,2.29746327e-01
1.41253754e-01,2.30227905e-01
1.58489319e-01,2.30835551e-01
1.77827941e-01,2.31602759e-01
1.99526231e-01,2.32572219e-01
2.23872114e-01,2.33798516e-01
2.51188643e-01,2.35351703e-01
2.81838293e-01,2.37322048e-01
3.16227766e-01,2.39826300e-01
3.54813389e-01,2.43015706e-01
3.98107171e-01,2.47085490e-01
4.46683592e-01,2.52283891e-01
5.01187234e-01,2.58915687e-01
5.62341325e-01,2.67332138e-01
6.30957344e-01,2.77904614e-01
7.07945784e-01,2.91000449e-01
7.94328235e-01,3.06868182e-01
8.91250938e-01,3.23282329e-01
1.00000000e+00,3.38845332e-01
1.02920053e+00,3.42412398e-01
1.05925373e+00,3.45828135e-01
1.09018449e+00,3.49086035e-01
1.12201845e+00,3.52179824e-01
1.15478198e+00,3.55103478e-01
1.18850223e+00,3.57851246e-01
1.22320712e+00,3.60417659e-01
1.25892541e+00,3.62797551e-01
1.29568670e+00,3.64986074e-01
1.33352143e+00,3.66978713e-01
1.37246096e+00,3.68771299e-01
1.41253754e+00,3.70360025e-01
1.45378439e+00,3.71741460e-01
1.49623566e+00,3.72912562e-01
1.53992653e+00,3.73870687e-01
1.58489319e+00,3.74613607e-01
1.63117291e+00,3.75139515e-01
1.67880402e+00,3.75447040e-01
1.72782598e+00,3.75535253e-01
1.77827941e+00,3.75403678e-01
1.83020611e+00,3.75052296e-01
1.88364909e+00,3.74481554e-01
1.93865264e+00,3.73692367e-01
1.99526231e+00,3.72686121e-01
2.05352503e+00,3.71464674e-01
2.11348904e+00,3.70030356e-01
2.17520403e+00,3.69514568e-01
2.23872114e+00,3.71845449e-01
2.30409298e+00,3.74008291e-01
2.37137371e+00,3.75994427e-01
2.44061907e+00,3.77794979e-01
2.51188643e+00,3.79400851e-01
2.58523484e+00,3.80802731e-01
2.66072506e+00,3.81991087e-01
2.73841963e+00,3.82956165e-01
2.81838293e+00,3.83687982e-01
2.90068120e+00,3.84176330e-01
2.98538262e+00,3.84410769e-01
3.07255737e+00,3.84380623e-01
3.16227766e+00,3.84074981e-01
3.25461783e+00,3.83482691e-01
3.34965439e+00,3.82592355e-01
3.44746607e+00,3.81392330e-01
3.54813389e+00,3.79870722e-01
3.65174127e+00,3.78015381e-01
3.75837404e+00,3.75813900e-01
3.86812055e+00,3.73253608e-01
3.98107171e+00,3.70321568e-01
4.09732110e+00,3.67004571e-01
4.21696503e+00,3.63289132e-01
4.34010264e+00,3.59161485e-01
4.46683592e+00,3.54607576e-01
4.59726989e+00,3.49613061e-01
4.73151259e+00,3.44163297e-01
4.86967525e+00,3.38243337e-01
5.01187234e+00,3.31837923e-01
5.15822165e+00,3.24931481e-01
5.30884444e+00,3.17508111e-01
5.46386550e+00,3.09551583e-01
5.62341325e+00,3.01045323e-01
5.78761988e+00,2.91972413e-01
5.95662144e+00,2.82315574e-01
6.13055792e+00,2.72057163e-01
6.30957344e+00,2.61179160e-01
6.49381632e+00,2.49663158e-01
6.68343918e+00,2.37490352e-01
6.87859912e+00,2.24641532e-01
7.07945784e+00,2.11097063e-01
7.28618175e+00,2.03760502e-01
7.49894209e+00,1.99329615e-01
7.71791516e+00,1.94917031e-01
7.94328235e+00,1.90528243e-01
8.17523038e+00,1.86168434e-01
8.41395142e+00,1.81842468e-01
8.65964323e+00,1.77554891e-01
8.91250938e+00,1.73309927e-01
9.17275935e+00,1.69111485e-01
9.44060876e+00,1.81398426e-01
9.71627952e+00,2.06246329e-01
1.00000000e+01,2.31919060e-01
1.02920053e+01,2.58436251e-01
1.05925373e+01,2.85818205e-01
1.09018449e+01,2.88103593e-01
1.12201845e+01,2.82245493e-01
1.15478198e+01,2.76454887e-01
1.18850223e+01,2.70734686e-01
1.22320712e+01,2.65087532e-01
1.25892541e+01,2.59515805e-01
1.29568670e+01,2.54021635e-01
1.33352143e+01,2.48606915e-01
1.37246096e+01,2.43273304e-01
1.41253754e+01,2.38022246e-01
1.45378439e+01,2.32854975e-01
1.49623566e+01,2.27772528e-01
1.53992653e+01,2.22775755e-01
1.58489319e+01,2.17865328e-01
1.63117291e+01,2.13041752e-01
1.67880402e+01,2.08305377e-01
1.72782598e+01,2.03656404e-01
1.77827941e+01,1.99094896e-01
1.83020611e+01,1.94620786e-01
1.88364909e+01,1.90233891e-01
1.93865264e+01,1.85933911e-01
1.99526231e+01,1.81720445e-01
2.05352503e+01,1.77592997e-01
2.11348904e+01,1.73550981e-01
2.17520403e+01,1.69593731e-01
2.23872114e+01,1.65720506e-01
2.30409298e+01,1.61930497e-01
2.37137371e+01,1.58222834e-01
2.44061907e+01,1.54596590e-01
2.51188643e+01,1.51050789e-01
2.58523484e+01,1.47584409e-01
2.66072506e+01,1.44196387e-01
2.73841963e+01,1.40885628e-01
2.81838293e+01,1.37651001e-01
2.90068120e+01,1.34491352e-01
2.98538262e+01,1.31405501e-01
3.07255737e+01,1.28392249e-01
3.16227766e+01,1.25450383e-01
3.25461783e+01,1.22578673e-01
3.34965439e+01,1.19775882e-01
3.44746607e+01,1.17040765e-01
3.54813389e+01,1.14372070e-01
3.65174127e+01,1.11768544e-01
3.75837404e+01,1.09228934e-01
3.86812055e+01,1.06751988e-01
3.98107171e+01,1.04336457e-01
4.09732110e+01,1.01982032e-01
4.21696503e+01,9.97815072e-02
4.34010264e+01,9.76311217e-02
4.46683592e+01,9.55301338e-02
4.59726989e+01,9.34777865e-02
4.73151259e+01,9.14733083e-02
4.86967525e+01,8.95159164e-02
5.01187234e+01,8.76048184e-02
5.15822165e+01,8.57392141e-02
5.30884444e+01,8.39182977e-02
5.46386550e+01,8.21412588e-02
5.62341325e+01,8.04072849e-02
5.78761988e+01,7.87155620e-02
5.95662144e+01,7.70652765e-02
6.13055792e+01,7.54556159e-02
6.30957344e+01,7.38857706e-02
6.49381632e+01,7.23549343e-02
6.68343918e+01,7.08623053e-02
6.87859912e+01,6.94070875e-02
7.07945784e+01,6.79884907e-02
7.28618175e+01,6.66057318e-02
7.49894209e+01,6.52580354e-02
7.71791516e+01,6.39446340e-02
7.94328235e+01,6.26647689e-02
8.17523038e+01,6.14176908e-02
8.41395142e+01,6.02026595e-02
8.65964323e+01,5.90189454e-02
8.91250938e+01,5.78658287e-02
9.17275935e+01,5.67426004e-02
9.44060876e+01,5.56485623e-02
9.71627952e+01,5.45830272e-02
1.00000000e+02,5.35453192e-02
1.12201845e+02,4.96596377e-02
1.25892541e+02,4.61680974e-02
1.41253754e+02,4.30329805e-02
1.58489319e+02,4.02195092e-02
1.77827941e+02,3.76957572e-02
1.99526231e+02,3.54325221e-02
2.23872114e+02,3.34031724e-02
2.51188643e+02,3.15834799e-02
2.81838293e+02,2.99514455e-02
3.16227766e+02,2.84871245e-02
3.54813389e+02,2.71724547e-02
3.98107171e+02,2.59910908e-02
4.46683592e+02,2.49282476e-02
5.01187234e+02,2.39705514e-02
5.62341325e+02,2.31059013e-02
6.30957344e+02,2.23233415e-02
7.07945784e+02,2.16129428e-02
7.94328235e+02,2.09656944e-02
8.91250938e+02,2.03734052e-02
1.00000000e+03,1.98286149e-02
