1.00000000e-02,1.97908400e-01
1.07189132e-02,1.97910544e-01
1.14895100e-02,1.97913004e-01
1.23155060e-02,1.97915830e-01
1.32008840e-02,1.97919089e-01
1.41499130e-02,1.97922821e-01
1.51671689e-02,1.97927123e-01
1.62575567e-02,1.97932068e-01
1.74263339e-02,1.97937759e-01
1.86791360e-02,1.97944301e-01
2.00220037e-02,1.97951825e-01
2.14614120e-02,1.97960481e-01
2.30043012e-02,1.97970445e-01
2.46581108e-02,1.97981909e-01
2.64308149e-02,1.97995104e-01
2.83309610e-02,1.98010288e-01
3.03677112e-02,1.98027771e-01
3.25508860e-02,1.98047896e-01
3.48910121e-02,1.98071075e-01
3.73993730e-02,1.98097774e-01
4.00880633e-02,1.98128528e-01
4.29700470e-02,1.98163969e-01
4.60592204e-02,1.98204817e-01
4.93704785e-02,1.98251915e-01
5.29197874e-02,1.98306227e-01
5.67242607e-02,1.98368886e-01
6.08022426e-02,1.98441196e-01
6.51733960e-02,1.98524686e-01
6.98587975e-02,1.98621118e-01
7.48810386e-02,1.98732557e-01
8.02643352e-02,1.98861409e-01
8.60346442e-02,1.99010485e-01
9.22197882e-02,1.99183075e-01
9.88495905e-02,1.99383034e-01
1.05956018e-01,1.99614895e-01
1.13573336e-01,1.99883994e-01
1.21738273e-01,2.00196627e-01
1.30490198e-01,2.00560250e-01
1.39871310e-01,2.00983707e-01
1.49926843e-01,2.01477528e-01
1.60705282e-01,2.02054289e-01
1.72258597e-01,2.02729051e-01
1.84642494e-01,2.03519919e-01
1.97916687e-01,2.04448714e-01
2.12145178e-01,2.05541805e-01
2.27396575e-01,2.06831107e-01
2.43744415e-01,2.08355261e-01
2.61267523e-01,2.10160964e-01
2.80050389e-01,2.12304367e-01
3.00183581e-01,2.14852368e-01
3.21764175e-01,2.17883471e-01
3.44896226e-01,2.21487737e-01
3.69691271e-01,2.25765301e-01
3.96268864e-01,2.30823142e-01
4.24757155e-01,2.36770471e-01
4.55293507e-01,2.43714333e-01
4.88025158e-01,2.51758346e-01
5.23109931e-01,2.61008523e-01
5.60716994e-01,2.71587238e-01
6.01027678e-01,2.82734714e-01
6.44236351e-01,2.93640323e-01
6.90551352e-01,3.04227921e-01
7.40196000e-01,3.14423845e-01
7.93409667e-01,3.24154036e-01
8.50448934e-01,3.33344277e-01
9.11588830e-01,3.41920446e-01
9.77124154e-01,3.49808877e-01
1.04737090e+00,3.56936878e-01
1.12266777e+00,3.63233461e-01
1.20337784e+00,3.68630314e-01
1.28989026e+00,3.73063022e-01
1.38262217e+00,3.76472516e-01
1.48202071e+00,3.78806712e-01
1.58856513e+00,3.80022246e-01
1.70276917e+00,3.81980976e-01
1.82518349e+00,3.89808658e-01
1.95639834e+00,3.98496628e-01
2.09704640e+00,4.07157109e-01
2.24780583e+00,4.15479121e-01
2.40940356e+00,4.23190412e-01
2.58261876e+00,4.30147459e-01
2.76828663e+00,4.36247951e-01
2.96730241e+00,4.41392431e-01
3.18062569e+00,4.45480046e-01
3.40928507e+00,4.48408159e-01
3.65438307e+00,4.50072829e-01
3.91710149e+00,4.50369732e-01
4.19870708e+00,4.49195444e-01
4.50055768e+00,4.46449156e-01
4.82410870e+00,4.42034895e-01
5.17092024e+00,4.35864410e-01
5.54266452e+00,4.27860886e-01
5.94113398e+00,4.17963699e-01
6.36824994e+00,4.06134460e-01
6.82607183e+00,3.92364558e-01
7.31680714e+00,3.90079220e-01
7.84282206e+00,3.98773348e-01
8.40665289e+00,4.07427508e-01
9.01101825e+00,4.15733797e-01
9.65883224e+00,4.23422922e-01
1.03532184e+01,4.30354364e-01
1.10975250e+01,4.36426102e-01
1.18953407e+01,4.41538660e-01
1.27505124e+01,4.45591128e-01
1.36671636e+01,4.48480818e-01
1.46497140e+01,4.50103761e-01
1.57029012e+01,4.50355638e-01
1.68318035e+01,4.49133081e-01
1.80418641e+01,4.46335396e-01
1.93389175e+01,4.41866807e-01
2.07292178e+01,4.35639363e-01
2.22194686e+01,4.27576683e-01
2.38168555e+01,4.17618748e-01
2.55290807e+01,4.05727986e-01
2.73644000e+01,3.91896873e-01
2.93316628e+01,3.76157158e-01
3.14403547e+01,3.58590636e-01
3.37006433e+01,3.39340829e-01
3.61234270e+01,3.18624159e-01
3.87203878e+01,2.96737935e-01
4.15040476e+01,3.21686500e-01
4.44878283e+01,3.27137822e-01
4.76861170e+01,3.14375829e-01
5.11143348e+01,3.01996032e-01
5.47890118e+01,2.89983289e-01
5.87278661e+01,2.78323621e-01
6.29498899e+01,2.67004145e-01
6.74754405e+01,2.56013007e-01
7.23263390e+01,2.45339334e-01
7.75259749e+01,2.34973187e-01
8.30994195e+01,2.24905509e-01
8.90735464e+01,2.15128081e-01
9.54771611e+01,2.05633466e-01
1.02341140e+02,1.96414966e-01
1.09698580e+02,1.87466569e-01
1.17584955e+02,1.78782902e-01
1.26038293e+02,1.70359179e-01
1.35099352e+02,1.62191156e-01
1.44811823e+02,1.54275082e-01
1.55222536e+02,1.46607649e-01
1.66381689e+02,1.39185945e-01
1.78343088e+02,1.32007410e-01
1.91164408e+02,1.25069779e-01
2.04907469e+02,1.18371042e-01
2.19638537e+02,1.11909388e-01
2.35428641e+02,1.05683158e-01
2.52353917e+02,9.96907927e-02
2.70495973e+02,9.39307813e-02
2.89942285e+02,8.84016098e-02
3.10786619e+02,8.31017091e-02
3.33129479e+02,7.80294040e-02
3.57078596e+02,7.31828628e-02
3.82749448e+02,6.85600479e-02
4.10265811e+02,6.41586702e-02
4.39760361e+02,5.99761447e-02
4.71375313e+02,5.60095519e-02
5.05263107e+02,5.22556028e-02
5.41587138e+02,4.87106111e-02
5.80522552e+02,4.53704720e-02
6.22257084e+02,4.22306498e-02
6.66991966e+02,3.92861746e-02
7.14942899e+02,3.65316498e-02
7.66341087e+02,3.39612695e-02
8.21434358e+02,3.15688472e-02
8.80488358e+02,2.93478554e-02
9.43787828e+02,2.72914734e-02
1.01163798e+03,2.53926447e-02
1.08436597e+03,2.36441384e-02
1.16232247e+03,2.20386158e-02
1.24588336e+03,2.05686958e-02
1.33545156e+03,1.92270196e-02
1.43145894e+03,1.80063088e-02
1.53436841e+03,1.68994167e-02
1.64467618e+03,1.58993691e-02
1.76291412e+03,1.49993940e-02
1.88965234e+03,1.41929384e-02
2.02550194e+03,1.34736735e-02
2.17111795e+03,1.28354881e-02
2.32720248e+03,1.22724732e-02
2.49450814e+03,1.17789013e-02
2.67384162e+03,1.13488055e-02
2.86606762e+03,1.09560243e-02
3.07211300e+03,1.05860561e-02
3.29297126e+03,1.02371960e-02
3.52970730e+03,9.90784411e-03
3.78346262e+03,9.59649894e-03
4.05546074e+03,9.30175113e-03
4.34701316e+03,9.02227813e-03
4.65952567e+03,8.75683896e-03
4.99450512e+03,8.50426955e-03
5.35356668e+03,8.26347843e-03
5.73844165e+03,8.03344285e-03
6.15098579e+03,7.81320522e-03
6.59318827e+03,7.60186997e-03
7.06718127e+03,7.39860066e-03
7.57525026e+03,7.21273214e-03
8.11984499e+03,7.04853880e-03
8.70359136e+03,6.88920156e-03
9.32930403e+03,6.73415004e-03
1.00000000e+04,6.58285402e-03
