1.00000000e-02,4.97678221e-01
1.07189132e-02,4.97515951e-01
1.14895100e-02,4.97342172e-01
1.23155060e-02,4.97156078e-01
1.32008840e-02,4.96956811e-01
1.41499130e-02,4.96743453e-01
1.51671689e-02,4.96515028e-01
1.62575567e-02,4.96270491e-01
1.74263339e-02,4.96008729e-01
1.86791360e-02,4.95728556e-01
2.00220037e-02,4.95428710e-01
2.14614120e-02,4.95107844e-01
2.30043012e-02,4.94764526e-01
2.46581108e-02,4.94397231e-01
2.64308149e-02,4.94004340e-01
2.83309610e-02,4.93584130e-01
3.03677112e-02,4.93134773e-01
3.25508860e-02,4.92654328e-01
3.48910121e-02,4.92140737e-01
3.73993730e-02,4.91591819e-01
4.00880633e-02,4.91005266e-01
4.29700470e-02,4.90378638e-01
4.60592204e-02,4.89709355e-01
4.93704785e-02,4.88994695e-01
5.29197874e-02,4.88231792e-01
5.67242607e-02,4.87417625e-01
6.08022426e-02,4.86549021e-01
6.51733960e-02,4.85622652e-01
6.98587975e-02,4.84635030e-01
7.48810386e-02,4.83582509e-01
8.02643352e-02,4.82461286e-01
8.60346442e-02,4.81267402e-01
9.22197882e-02,4.79996748e-01
9.88495905e-02,4.78645070e-01
1.05956018e-01,4.77207979e-01
1.13573336e-01,4.75680962e-01
1.21738273e-01,4.74059398e-01
1.30490198e-01,4.72338575e-01
1.39871310e-01,4.70513719e-01
1.49926843e-01,4.68580014e-01
1.60705282e-01,4.66532642e-01
1.72258597e-01,4.64366821e-01
1.84642494e-01,4.62077849e-01
1.97916687e-01,4.59661160e-01
2.12145178e-01,4.57112392e-01
2.27396575e-01,4.54427448e-01
2.43744415e-01,4.51602585e-01
2.61267523e-01,4.48634504e-01
2.80050389e-01,4.45520458e-01
3.00183581e-01,4.42258368e-01
3.21764175e-01,4.38846957e-01
3.44896226e-01,4.35285893e-01
3.69691271e-01,4.31575959e-01
3.96268864e-01,4.27719239e-01
4.24757155e-01,4.23719313e-01
4.55293507e-01,4.19581495e-01
4.88025158e-01,4.15313085e-01
5.23109931e-01,4.10923655e-01
5.60716994e-01,4.06425377e-01
6.01027678e-01,4.01833400e-01
6.44236351e-01,3.97166298e-01
6.90551352e-01,3.92446599e-01
7.40196000e-01,3.87701450e-01
7.93409667e-01,3.82963459e-01
8.50448934e-01,3.78271812e-01
9.11588830e-01,3.73673784e-01
9.77124154e-01,3.69226845e-01
1.04737090e+00,3.65001692e-01
1.12266777e+00,3.61086667e-01
1.20337784e+00,3.57594441e-01
1.28989026e+00,3.54672699e-01
1.38262217e+00,3.52524043e-01
1.48202071e+00,3.51460052e-01
1.58856513e+00,3.52899916e-01
1.70276917e+00,3.56030580e-01
1.82518349e+00,3.58157007e-01
1.95639834e+00,3.59226719e-01
2.09704640e+00,3.59197763e-01
2.24780583e+00,3.58040590e-01
2.40940356e+00,3.55739750e-01
2.58261876e+00,3.52295326e-01
2.76828663e+00,3.47723968e-01
2.96730241e+00,3.51363718e-01
3.18062569e+00,3.55843509e-01
3.40928507e+00,3.59167769e-01
3.65438307e+00,3.61222671e-01
3.91710149e+00,3.61897695e-01
4.19870708e+00,3.61088189e-01
4.50055768e+00,3.58698547e-01
4.82410870e+00,3.54646095e-01
5.17092024e+00,3.48865822e-01
5.54266452e+00,3.41316068e-01
5.94113398e+00,3.31985214e-01
6.36824994e+00,3.20899305e-01
6.82607183e+00,3.08130245e-01
7.31680714e+00,2.93803842e-01
7.84282206e+00,2.88442944e-01
8.40665289e+00,3.13519556e-01
9.01101825e+00,3.44053987e-01
9.65883224e+00,3.81259485e-01
1.03532184e+01,4.31059315e-01
1.10975250e+01,4.52710374e-01
1.18953407e+01,4.35720864e-01
1.27505124e+01,4.19462705e-01
1.36671636e+01,4.04769245e-01
1.46497140e+01,3.91721727e-01
1.57029012e+01,3.79477386e-01
1.68318035e+01,3.67818201e-01
1.80418641e+01,3.56649649e-01
1.93389175e+01,3.46153578e-01
2.07292178e+01,3.36576464e-01
2.22194686e+01,3.27287363e-01
2.38168555e+01,3.18284104e-01
2.55290807e+01,3.09564515e-01
2.73644000e+01,3.01126468e-01
2.93316628e+01,2.92967924e-01
3.14403547e+01,2.85086958e-01
3.37006433e+01,2.77481785e-01
3.61234270e+01,2.70150775e-01
3.87203878e+01,2.63092456e-01
4.15040476e+01,2.56305508e-01
4.44878283e+01,2.49788747e-01
4.76861170e+01,2.43541102e-01
5.11143348e+01,2.37561576e-01
5.47890118e+01,2.31849200e-01
5.87278661e+01,2.26402971e-01
6.29498899e+01,2.21221790e-01
6.74754405e+01,2.16304374e-01
7.23263390e+01,2.11649175e-01
7.75259749e+01,2.07254281e-01
8.30994195e+01,2.03117315e-01
8.90735464e+01,1.99235342e-01
9.54771611e+01,1.95604763e-01
1.02341140e+02,1.92221233e-01
1.09698580e+02,1.89079580e-01
1.17584955e+02,1.86173743e-01
1.26038293e+02,1.83496735e-01
1.35099352e+02,1.81040619e-01
1.44811823e+02,1.78796500e-01
1.55222536e+02,1.76754532e-01
1.66381689e+02,1.74903899e-01
1.78343088e+02,1.73239724e-01
1.91164408e+02,1.71736481e-01
2.04907469e+02,1.70373537e-01
2.19638537e+02,1.69114067e-01
2.35428641e+02,1.67920971e-01
2.52353917e+02,1.66789098e-01
2.70495973e+02,1.65713528e-01
2.89942285e+02,1.64689552e-01
3.10786619e+02,1.63712662e-01
3.33129479e+02,1.62778537e-01
3.57078596e+02,1.61883030e-01
3.82749448e+02,1.61022154e-01
4.10265811e+02,1.60192069e-01
4.39760361e+02,1.59389071e-01
4.71375313e+02,1.58609577e-01
5.05263107e+02,1.57850117e-01
5.41587138e+02,1.57107318e-01
5.80522552e+02,1.56377897e-01
6.22257084e+02,1.55658647e-01
6.66991966e+02,1.54946430e-01
7.14942899e+02,1.54238166e-01
7.66341087e+02,1.53530823e-01
8.21434358e+02,1.52821413e-01
8.80488358e+02,1.52106980e-01
9.43787828e+02,1.51419368e-01
1.01163798e+03,1.50832442e-01
1.08436597e+03,1.50331160e-01
1.16232247e+03,1.49900689e-01
1.24588336e+03,1.49529490e-01
1.33545156e+03,1.49208468e-01
1.43145894e+03,1.48930413e-01
1.53436841e+03,1.48689630e-01
1.64467618e+03,1.48477730e-01
1.76291412e+03,1.48249474e-01
1.88965234e+03,1.47992369e-01
2.02550194e+03,1.47705499e-01
2.17111795e+03,1.47387853e-01
2.32720248e+03,1.47038323e-01
2.49450814e+03,1.46655707e-01
2.67384162e+03,1.46238711e-01
2.86606762e+03,1.45785953e-01
3.07211300e+03,1.45295960e-01
3.29297126e+03,1.44767178e-01
3.52970730e+03,1.44197970e-01
3.78346262e+03,1.43586627e-01
4.05546074e+03,1.42931368e-01
4.34701316e+03,1.42230352e-01
4.65952567e+03,1.41481682e-01
4.99450512e+03,1.40683419e-01
5.35356668e+03,1.39833588e-01
5.73844165e+03,1.38930194e-01
6.15098579e+03,1.37971237e-01
6.59318827e+03,1.36954725e-01
7.06718127e+03,1.35878691e-01
7.57525026e+03,1.34741219e-01
8.11984499e+03,1.33540457e-01
8.70359136e+03,1.32274648e-01
9.32930403e+03,1.30942147e-01
1.00000000e+04,1.29541454e-01
