1.00000000e-03,2.27798463e-01
1.22527986e-03,2.27894939e-01
1.50131073e-03,2.27895059e-01
1.83952580e-03,2.27895134e-01
2.25393390e-03,2.27895401e-01
2.76169981e-03,2.27895714e-01
3.38385515e-03,2.27896142e-01
4.14616956e-03,2.27896815e-01
5.08021805e-03,2.27897792e-01
6.22468884e-03,2.27899328e-01
7.62698586e-03,2.27901601e-01
9.34519215e-03,2.27904997e-01
1.14504757e-02,2.27910114e-01
1.40300372e-02,2.27917763e-01
1.71907220e-02,2.27929250e-01
2.10634454e-02,2.27946522e-01
2.58086154e-02,2.27972433e-01
3.16227766e-02,2.28011333e-01
3.87467512e-02,2.28069738e-01
4.74756138e-02,2.28157440e-01
5.81709133e-02,2.28289149e-01
7.12756483e-02,2.28486992e-01
8.73326162e-02,2.28784281e-01
1.07006896e-01,2.29231237e-01
1.31113394e-01,2.29903761e-01
1.60650600e-01,2.30916972e-01
1.96841945e-01,2.32446427e-01
2.41186470e-01,2.34762001e-01
2.95520924e-01,2.38283163e-01
3.62095835e-01,2.43669370e-01
4.43668733e-01,2.51956002e-01
5.43618362e-01,2.64683859e-01
6.66084629e-01,2.83800897e-01
8.16140079e-01,3.10834756e-01
1.00000000e+00,3.38845332e-01
1.03912230e+00,3.43568118e-01
1.07977516e+00,3.48017998e-01
1.12201845e+00,3.52179824e-01
1.16591440e+00,3.56039220e-01
1.21152766e+00,3.59582664e-01
1.25892541e+00,3.62797551e-01
1.30817747e+00,3.65672265e-01
1.35935639e+00,3.68196241e-01
1.41253754e+00,3.70360025e-01
1.46779927e+00,3.72155337e-01
1.52522296e+00,3.73575122e-01
1.58489319e+00,3.74613607e-01
1.64689787e+00,3.75266343e-01
1.71132830e+00,3.75530255e-01
1.77827941e+00,3.75403678e-01
1.84784980e+00,3.74886386e-01
1.92014194e+00,3.73979625e-01
1.99526231e+00,3.72686121e-01
2.07332157e+00,3.71010092e-01
2.15443469e+00,3.68957245e-01
2.23872114e+00,3.71845449e-01
2.32630507e+00,3.74690404e-01
2.41731548e+00,3.77215972e-01
2.51188643e+00,3.79400851e-01
2.61015722e+00,3.81223052e-01
2.71227258e+00,3.82659892e-01
2.81838293e+00,3.83687982e-01
2.92864456e+00,3.84283211e-01
3.04321989e+00,3.84420739e-01
3.16227766e+00,3.84074981e-01
3.28599325e+00,3.83219598e-01
3.41454887e+00,3.81827477e-01
3.54813389e+00,3.79870722e-01
3.68694506e+00,3.77320634e-01
3.83118685e+00,3.74147699e-01
3.98107171e+00,3.70321568e-01
4.13682040e+00,3.65811037e-01
4.29866235e+00,3.60584030e-01
4.46683592e+00,3.54607576e-01
4.64158883e+00,3.47847788e-01
4.82317848e+00,3.40269836e-01
5.01187234e+00,3.31837923e-01
5.20794833e+00,3.22515256e-01
5.41169527e+00,3.12264015e-01
5.62341325e+00,3.01045323e-01
5.84341413e+00,2.88819211e-01
6.07202196e+00,2.75544579e-01
6.30957344e+00,2.61179160e-01
6.55641849e+00,2.45679474e-01
6.81292069e+00,2.29000788e-01
7.07945784e+00,2.11097063e-01
7.35642254e+00,2.02607432e-01
7.64422274e+00,1.96658124e-01
7.94328235e+00,1.90752986e-01
8.25404185e+00,1.84904130e-01
8.57695899e+00,1.79122659e-01
8.91250938e+00,1.73418667e-01
9.26118728e+00,1.67801239e-01
9.62350626e+00,1.97872998e-01
1.00000000e+01,2.31919060e-01
1.03912230e+01,2.67466462e-01
1.07977516e+01,2.90070749e-01
1.12201845e+01,2.82245493e-01
1.16591440e+01,2.74540194e-01
1.21152766e+01,2.66961648e-01
1.25892541e+01,2.59515805e-01
1.30817747e+01,2.52207814e-01
1.35935639e+01,2.45042069e-01
1.41253754e+01,2.38022246e-01
1.46779927e+01,2.31151356e-01
1.52522296e+01,2.24431782e-01
1.58489319e+01,2.17865328e-01
1.64689787e+01,2.11453259e-01
1.71132830e+01,2.05196344e-01
1.77827941e+01,1.99094896e-01
1.84784980e+01,1.93148810e-01
1.92014194e+01,1.87357603e-01
1.99526231e+01,1.81720445e-01
2.07332157e+01,1.76236197e-01
2.15443469e+01,1.70903440e-01
2.23872114e+01,1.65720506e-01
2.32630507e+01,1.60685504e-01
2.41731548e+01,1.55796350e-01
2.51188643e+01,1.51050789e-01
2.61015722e+01,1.46446415e-01
2.71227258e+01,1.41980699e-01
2.81838293e+01,1.37651001e-01
2.92864456e+01,1.33454594e-01
3.04321989e+01,1.29388675e-01
3.16227766e+01,1.25450383e-01
3.28599325e+01,1.21636813e-01
3.41454887e+01,1.17945029e-01
3.54813389e+01,1.14372070e-01
3.68694506e+01,1.10914968e-01
3.83118685e+01,1.07570752e-01
3.98107171e+01,1.04336457e-01
4.13682040e+01,1.01252602e-01
4.29866235e+01,9.83510859e-02
4.46683592e+01,9.55379292e-02
4.64158883e+01,9.28113340e-02
4.82317848e+01,9.01694586e-02
5.01187234e+01,8.76104278e-02
5.20794833e+01,8.51323408e-02
5.41169527e+01,8.27332789e-02
5.62341325e+01,8.04113128e-02
5.84341413e+01,7.81645082e-02
6.07202196e+01,7.59909320e-02
6.30957344e+01,7.38886574e-02
6.55641849e+01,7.18557680e-02
6.81292069e+01,6.98903621e-02
7.07945784e+01,6.79905565e-02
7.35642254e+01,6.61544891e-02
7.64422274e+01,6.43803223e-02
7.94328235e+01,6.26662451e-02
8.25404185e+01,6.10104752e-02
8.57695899e+01,5.94112608e-02
8.91250938e+01,5.78668822e-02
9.26118728e+01,5.63756531e-02
9.62350626e+01,5.49359214e-02
1.00000000e+02,5.35460703e-02
1.05372497e+02,5.17283541e-02
1.11033632e+02,4.99965563e-02
1.16998911e+02,4.83469038e-02
1.23284674e+02,4.67757514e-02
1.29908140e+02,4.52795807e-02
1.36887451e+02,4.38550002e-02
1.44241726e+02,4.24987434e-02
1.51991108e+02,4.12076672e-02
1.60156826e+02,3.99787496e-02
1.68761248e+02,3.88090876e-02
1.77827941e+02,3.76958937e-02
1.87381742e+02,3.66364938e-02
1.97448821e+02,3.56283236e-02
2.08056754e+02,3.46689253e-02
2.19234597e+02,3.37559447e-02
2.31012970e+02,3.28871274e-02
2.43424136e+02,3.20603156e-02
2.56502091e+02,3.12734449e-02
2.70282658e+02,3.05245402e-02
2.84803587e+02,2.98117130e-02
3.00104652e+02,2.91331579e-02
3.16227766e+02,2.84871490e-02
3.33217094e+02,2.78720369e-02
3.51119173e+02,2.72862455e-02
3.69983041e+02,2.67282688e-02
3.89860370e+02,2.61966681e-02
4.10805608e+02,2.56900687e-02
4.32876128e+02,2.52071573e-02
4.56132386e+02,2.47466791e-02
4.80638086e+02,2.43074353e-02
5.06460354e+02,2.38882803e-02
5.33669923e+02,2.34881193e-02
5.62341325e+02,2.31059056e-02
5.92553098e+02,2.27406389e-02
6.24387997e+02,2.23913623e-02
6.57933225e+02,2.20571608e-02
6.93280669e+02,2.17371588e-02
7.30527154e+02,2.14305184e-02
7.69774706e+02,2.11364372e-02
8.11130831e+02,2.08541468e-02
8.54708813e+02,2.05829110e-02
9.00628020e+02,2.03220238e-02
9.49014236e+02,2.00708085e-02
1.00000000e+03,1.98286157e-02
