1.00000000e-02,2.31650224e-01
1.07189132e-02,2.31651822e-01
1.14895100e-02,2.31653648e-01
1.23155060e-02,2.31655750e-01
1.32008840e-02,2.31658165e-01
1.41499130e-02,2.31660933e-01
1.51671689e-02,2.31664117e-01
1.62575567e-02,2.31667766e-01
1.74263339e-02,2.31671964e-01
1.86791360e-02,2.31676779e-01
2.00220037e-02,2.31682310e-01
2.14614120e-02,2.31688655e-01
2.30043012e-02,2.31695941e-01
2.46581108e-02,2.31704310e-01
2.64308149e-02,2.31713911e-01
2.83309610e-02,2.31724934e-01
3.03677112e-02,2.31737583e-01
3.25508860e-02,2.31752101e-01
3.48910121e-02,2.31768761e-01
3.73993730e-02,2.31787885e-01
4.00880633e-02,2.31809826e-01
4.29700470e-02,2.31835000e-01
4.60592204e-02,2.31863882e-01
4.93704785e-02,2.31897014e-01
5.29197874e-02,2.31935020e-01
5.67242607e-02,2.31978614e-01
6.08022426e-02,2.32028614e-01
6.51733960e-02,2.32085953e-01
6.98587975e-02,2.32151703e-01
7.48810386e-02,2.32227091e-01
8.02643352e-02,2.32313522e-01
8.60346442e-02,2.32412604e-01
9.22197882e-02,2.32526179e-01
9.88495905e-02,2.32656349e-01
1.05956018e-01,2.32805525e-01
1.13573336e-01,2.32976461e-01
1.21738273e-01,2.33172306e-01
1.30490198e-01,2.33396661e-01
1.39871310e-01,2.33653638e-01
1.49926843e-01,2.33947931e-01
1.60705282e-01,2.34284895e-01
1.72258597e-01,2.34670632e-01
1.84642494e-01,2.35112084e-01
1.97916687e-01,2.35617143e-01
2.12145178e-01,2.36194751e-01
2.27396575e-01,2.36855028e-01
2.43744415e-01,2.37609378e-01
2.61267523e-01,2.38470624e-01
2.80050389e-01,2.39453103e-01
3.00183581e-01,2.40572788e-01
3.21764175e-01,2.41847375e-01
3.44896226e-01,2.43296366e-01
3.69691271e-01,2.44941153e-01
3.96268864e-01,2.46805099e-01
4.24757155e-01,2.48913672e-01
4.55293507e-01,2.51294639e-01
4.88025158e-01,2.53978405e-01
5.23109931e-01,2.56998527e-01
5.60716994e-01,2.60392474e-01
6.01027678e-01,2.64202666e-01
6.44236351e-01,2.68477778e-01
6.90551352e-01,2.73274289e-01
7.40196000e-01,2.78658279e-01
7.93409667e-01,2.84707847e-01
8.50448934e-01,2.91518365e-01
9.11588830e-01,2.99143148e-01
9.77124154e-01,3.06667327e-01
1.04737090e+00,3.13734995e-01
1.12266777e+00,3.20289110e-01
1.20337784e+00,3.26277944e-01
1.28989026e+00,3.31658298e-01
1.38262217e+00,3.36399701e-01
1.48202071e+00,3.40489977e-01
1.58856513e+00,3.43942725e-01
1.70276917e+00,3.46807671e-01
1.82518349e+00,3.49991398e-01
1.95639834e+00,3.60124830e-01
2.09704640e+00,3.69784291e-01
2.24780583e+00,3.78876454e-01
2.40940356e+00,3.87305439e-01
2.58261876e+00,3.94971940e-01
2.76828663e+00,4.01773388e-01
2.96730241e+00,4.07604410e-01
3.18062569e+00,4.12357462e-01
3.40928507e+00,4.15923654e-01
3.65438307e+00,4.18193770e-01
3.91710149e+00,4.19059566e-01
4.19870708e+00,4.18415395e-01
4.50055768e+00,4.16160276e-01
4.82410870e+00,4.12200520e-01
5.17092024e+00,4.06453076e-01
5.54266452e+00,3.98849783e-01
5.94113398e+00,3.89342732e-01
6.36824994e+00,3.77910937e-01
6.82607183e+00,3.64568448e-01
7.31680714e+00,3.49373857e-01
7.84282206e+00,3.32440763e-01
8.40665289e+00,3.13948142e-01
9.01101825e+00,2.94148578e-01
9.65883224e+00,3.14112795e-01
1.03532184e+01,3.46841517e-01
1.10975250e+01,3.55428640e-01
1.18953407e+01,3.42428199e-01
1.27505124e+01,3.29818336e-01
1.36671636e+01,3.17585638e-01
1.46497140e+01,3.05717406e-01
1.57029012e+01,2.94201682e-01
1.68318035e+01,2.83027274e-01
1.80418641e+01,2.72183768e-01
1.93389175e+01,2.61661534e-01
2.07292178e+01,2.51451718e-01
2.22194686e+01,2.41546228e-01
2.38168555e+01,2.31937707e-01
2.55290807e+01,2.22619511e-01
2.73644000e+01,2.13585673e-01
2.93316628e+01,2.04830869e-01
3.14403547e+01,1.96350387e-01
3.37006433e+01,1.96663918e-01
3.61234270e+01,2.05131064e-01
3.87203878e+01,2.14411012e-01
4.15040476e+01,2.24481848e-01
4.44878283e+01,2.35188463e-01
4.76861170e+01,2.46512641e-01
5.11143348e+01,2.58028886e-01
5.47890118e+01,2.69371959e-01
5.87278661e+01,2.80426962e-01
6.29498899e+01,2.91072728e-01
6.74754405e+01,3.01184220e-01
7.23263390e+01,3.10635286e-01
7.75259749e+01,3.19301707e-01
8.30994195e+01,3.27064392e-01
8.90735464e+01,3.33812601e-01
9.54771611e+01,3.39447056e-01
1.02341140e+02,3.43882805e-01
1.09698580e+02,3.47051724e-01
1.17584955e+02,3.50972197e-01
1.26038293e+02,3.61064615e-01
1.35099352e+02,3.70674201e-01
1.44811823e+02,3.79707517e-01
1.55222536e+02,3.88068367e-01
1.66381689e+02,3.95657120e-01
1.78343088e+02,4.02370918e-01
1.91164408e+02,4.08104151e-01
2.04907469e+02,4.12749111e-01
2.19638537e+02,4.16196827e-01
2.35428641e+02,4.18338116e-01
2.52353917e+02,4.19064905e-01
2.70495973e+02,4.18271894e-01
2.89942285e+02,4.15858671e-01
3.10786619e+02,4.11732402e-01
3.33129479e+02,4.05811252e-01
3.57078596e+02,3.98028735e-01
3.82749448e+02,3.88339192e-01
4.10265811e+02,3.76724593e-01
4.39760361e+02,3.63202795e-01
4.71375313e+02,3.47837156e-01
5.05263107e+02,3.30747058e-01
5.41587138e+02,3.12118174e-01
5.80522552e+02,2.92210350e-01
6.22257084e+02,3.16959380e-01
6.66991966e+02,3.50299505e-01
7.14942899e+02,3.54240214e-01
7.66341087e+02,3.41336836e-01
8.21434358e+02,3.28820026e-01
8.80488358e+02,3.16677248e-01
9.43787828e+02,3.04896163e-01
1.01163798e+03,2.93464877e-01
1.08436597e+03,2.82372100e-01
1.16232247e+03,2.71607259e-01
1.24588336e+03,2.61160548e-01
1.33545156e+03,2.51022963e-01
1.43145894e+03,2.41186292e-01
1.53436841e+03,2.31643107e-01
1.64467618e+03,2.22386733e-01
1.76291412e+03,2.13411216e-01
1.88965234e+03,2.04711285e-01
2.02550194e+03,1.96282307e-01
2.17111795e+03,1.88120252e-01
2.32720248e+03,1.80221642e-01
2.49450814e+03,1.72583512e-01
2.67384162e+03,1.65203365e-01
2.86606762e+03,1.58079127e-01
3.07211300e+03,1.51209105e-01
3.29297126e+03,1.44591938e-01
3.52970730e+03,1.38226554e-01
3.78346262e+03,1.32112124e-01
4.05546074e+03,1.26248011e-01
4.34701316e+03,1.20633722e-01
4.65952567e+03,1.15268855e-01
4.99450512e+03,1.10153045e-01
5.35356668e+03,1.05285905e-01
5.73844165e+03,1.00666962e-01
6.15098579e+03,9.62955894e-02
6.59318827e+03,9.21709333e-02
7.06718127e+03,8.82918264e-02
7.57525026e+03,8.46566993e-02
8.11984499e+03,8.12634795e-02
8.70359136e+03,7.81094839e-02
9.32930403e+03,7.51913048e-02
1.00000000e+04,7.25046948e-02
