1.00000000e-02,2.49133658e-01
1.12201845e-02,2.48890226e-01
1.25892541e-02,2.48619222e-01
1.41253754e-02,2.48317793e-01
1.58489319e-02,2.47982960e-01
1.77827941e-02,2.47611405e-01
1.99526231e-02,2.47199739e-01
2.23872114e-02,2.46744313e-01
2.51188643e-02,2.46241391e-01
2.81838293e-02,2.45687150e-01
3.16227766e-02,2.45077768e-01
3.54813389e-02,2.44409520e-01
3.98107171e-02,2.43678935e-01
4.46683592e-02,2.42882990e-01
5.01187234e-02,2.42019315e-01
5.62341325e-02,2.41086531e-01
6.30957344e-02,2.40084650e-01
7.07945784e-02,2.39015555e-01
7.94328235e-02,2.37883663e-01
8.91250938e-02,2.36696712e-01
1.00000000e-01,2.35466786e-01
1.12201845e-01,2.34211581e-01
1.25892541e-01,2.32956009e-01
1.41253754e-01,2.31734226e-01
1.58489319e-01,2.30592118e-01
1.77827941e-01,2.29590389e-01
1.99526231e-01,2.28808256e-01
2.23872114e-01,2.28347727e-01
2.51188643e-01,2.28338237e-01
2.81838293e-01,2.39425567e-01
3.16227766e-01,2.62695255e-01
3.54813389e-01,2.87326153e-01
3.98107171e-01,3.13160937e-01
4.46683592e-01,3.39975381e-01
5.01187234e-01,3.67473923e-01
5.62341325e-01,3.95290072e-01
6.30957344e-01,4.22993243e-01
7.07945784e-01,4.50103025e-01
7.94328235e-01,4.76110660e-01
8.91250938e-01,5.00505848e-01
1.00000000e+00,5.22805255e-01
1.02920053e+00,5.28000692e-01
1.05925373e+00,5.33031766e-01
1.09018449e+00,5.37892672e-01
1.12201845e+00,5.42577907e-01
1.15478198e+00,5.47082271e-01
1.18850223e+00,5.51400870e-01
1.22320712e+00,5.55529115e-01
1.25892541e+00,5.59462718e-01
1.29568670e+00,5.63197688e-01
1.33352143e+00,5.66730320e-01
1.37246096e+00,5.70057188e-01
1.41253754e+00,5.73175130e-01
1.45378439e+00,5.76081237e-01
1.49623566e+00,5.78772840e-01
1.53992653e+00,5.81247493e-01
1.58489319e+00,5.83502965e-01
1.63117291e+00,5.85537220e-01
1.67880402e+00,5.87348410e-01
1.72782598e+00,5.88934862e-01
1.77827941e+00,5.90295071e-01
1.83020611e+00,5.91427690e-01
1.88364909e+00,5.92331529e-01
1.93865264e+00,5.93005551e-01
1.99526231e+00,5.93448874e-01
2.05352503e+00,5.93660774e-01
2.11348904e+00,5.93640691e-01
2.17520403e+00,5.93388240e-01
2.23872114e+00,5.92903218e-01
2.30409298e+00,5.92185623e-01
2.37137371e+00,5.91235665e-01
2.44061907e+00,5.90053786e-01
2.51188643e+00,5.88640675e-01
2.58523484e+00,5.86997292e-01
2.66072506e+00,5.85124880e-01
2.73841963e+00,5.83024991e-01
2.81838293e+00,5.80699499e-01
2.90068120e+00,5.78150619e-01
2.98538262e+00,5.75380922e-01
3.07255737e+00,5.72393349e-01
3.16227766e+00,5.69191220e-01
3.25461783e+00,5.65778244e-01
3.34965439e+00,5.62158522e-01
3.44746607e+00,5.58336550e-01
3.54813389e+00,5.54317217e-01
3.65174127e+00,5.50105801e-01
3.75837404e+00,5.45707957e-01
3.86812055e+00,5.41129711e-01
3.98107171e+00,5.36377436e-01
4.09732110e+00,5.31457843e-01
4.21696503e+00,5.26377952e-01
4.34010264e+00,5.21145071e-01
4.46683592e+00,5.15766772e-01
4.59726989e+00,5.10250856e-01
4.73151259e+00,5.04605331e-01
4.86967525e+00,4.98838372e-01
5.01187234e+00,4.92958296e-01
5.15822165e+00,4.86973526e-01
5.30884444e+00,4.80892554e-01
5.46386550e+00,4.74723917e-01
5.62341325e+00,4.68476155e-01
5.78761988e+00,4.62811602e-01
5.95662144e+00,4.60900207e-01
6.13055792e+00,4.58942995e-01
6.30957344e+00,4.56945027e-01
6.49381632e+00,4.54911225e-01
6.68343918e+00,4.52846362e-01
6.87859912e+00,4.50755049e-01
7.07945784e+00,4.48641726e-01
7.28618175e+00,4.46510656e-01
7.49894209e+00,4.44365914e-01
7.71791516e+00,4.42211387e-01
7.94328235e+00,4.40050768e-01
8.17523038e+00,4.37887550e-01
8.41395142e+00,4.35725030e-01
8.65964323e+00,4.33566307e-01
8.91250938e+00,4.31414280e-01
9.17275935e+00,4.29271654e-01
9.44060876e+00,4.27140940e-01
9.71627952e+00,4.25024458e-01
1.00000000e+01,4.22924343e-01
1.02920053e+01,4.20842548e-01
1.05925373e+01,4.18780849e-01
1.09018449e+01,4.16740852e-01
1.12201845e+01,4.14723998e-01
1.15478198e+01,4.12731568e-01
1.18850223e+01,4.10764691e-01
1.22320712e+01,4.08824351e-01
1.25892541e+01,4.06911392e-01
1.29568670e+01,4.05026523e-01
1.33352143e+01,4.03170328e-01
1.37246096e+01,4.01343272e-01
1.41253754e+01,3.99545705e-01
1.45378439e+01,3.97777869e-01
1.49623566e+01,3.96039906e-01
1.53992653e+01,3.94331862e-01
1.58489319e+01,3.92653692e-01
1.63117291e+01,3.91005267e-01
1.67880402e+01,3.89386379e-01
1.72782598e+01,3.87796745e-01
1.77827941e+01,3.86236010e-01
1.83020611e+01,3.84703757e-01
1.88364909e+01,3.83199504e-01
1.93865264e+01,3.81722712e-01
1.99526231e+01,3.80272787e-01
2.05352503e+01,3.78849085e-01
2.11348904e+01,3.77450911e-01
2.17520403e+01,3.76077527e-01
2.23872114e+01,3.74728149e-01
2.30409298e+01,3.73401953e-01
2.37137371e+01,3.72098074e-01
2.44061907e+01,3.70815610e-01
2.51188643e+01,3.69553622e-01
2.58523484e+01,3.68311136e-01
2.66072506e+01,3.67087142e-01
2.73841963e+01,3.65880597e-01
2.81838293e+01,3.64690423e-01
2.90068120e+01,3.63515511e-01
2.98538262e+01,3.62354716e-01
3.07255737e+01,3.61206862e-01
3.16227766e+01,3.60070738e-01
3.25461783e+01,3.58945099e-01
3.34965439e+01,3.57828664e-01
3.44746607e+01,3.56720120e-01
3.54813389e+01,3.55618113e-01
3.65174127e+01,3.54521255e-01
3.75837404e+01,3.53428118e-01
3.86812055e+01,3.52337234e-01
3.98107171e+01,3.51247094e-01
4.09732110e+01,3.50156146e-01
4.21696503e+01,3.49062795e-01
4.34010264e+01,3.47965399e-01
4.46683592e+01,3.46862271e-01
4.59726989e+01,3.45751672e-01
4.73151259e+01,3.44631814e-01
4.86967525e+01,3.43500859e-01
5.01187234e+01,3.42356914e-01
5.15822165e+01,3.41198029e-01
5.30884444e+01,3.40022203e-01
5.46386550e+01,3.38827372e-01
5.62341325e+01,3.37611418e-01
5.78761988e+01,3.36372162e-01
5.95662144e+01,3.35107364e-01
6.13055792e+01,3.33814727e-01
6.30957344e+01,3.32491891e-01
6.49381632e+01,3.31136438e-01
6.68343918e+01,3.29745891e-01
6.87859912e+01,3.28317714e-01
7.07945784e+01,3.26849316e-01
7.28618175e+01,3.25338054e-01
7.49894209e+01,3.23781233e-01
7.71791516e+01,3.22176112e-01
7.94328235e+01,3.20519908e-01
8.17523038e+01,3.18809802e-01
8.41395142e+01,3.17042944e-01
8.65964323e+01,3.15216462e-01
8.91250938e+01,3.13327469e-01
9.17275935e+01,3.11373075e-01
9.44060876e+01,3.09350393e-01
9.71627952e+01,3.07256555e-01
1.00000000e+02,3.05088725e-01
1.12201845e+02,2.95622668e-01
1.25892541e+02,2.84764752e-01
1.41253754e+02,2.72386148e-01
1.58489319e+02,2.58417068e-01
1.77827941e+02,2.42871390e-01
1.99526231e+02,2.25867894e-01
2.23872114e+02,2.07641960e-01
2.51188643e+02,1.88541878e-01
2.81838293e+02,1.69006446e-01
3.16227766e+02,1.49525316e-01
3.54813389e+02,1.30588878e-01
3.98107171e+02,1.12638033e-01
4.46683592e+02,9.60242912e-02
5.01187234e+02,8.09871018e-02
5.62341325e+02,6.76500059e-02
6.30957344e+02,5.60323871e-02
7.07945784e+02,4.95163492e-02
7.94328235e+02,4.87568008e-02
8.91250938e+02,4.80387675e-02
1.00000000e+03,4.73535262e-02
