1.00000000e-03,2.51197686e-01
1.07189132e-03,2.51197906e-01
1.14895100e-03,2.51198053e-01
1.23155060e-03,2.51197777e-01
1.32008840e-03,2.51197858e-01
1.41499130e-03,2.51197908e-01
1.51671689e-03,2.51197845e-01
1.62575567e-03,2.51197989e-01
1.74263339e-03,2.51197929e-01
1.86791360e-03,2.51198051e-01
2.00220037e-03,2.51198017e-01
2.14614120e-03,2.51198153e-01
2.30043012e-03,2.51198163e-01
2.46581108e-03,2.51198306e-01
2.64308149e-03,2.51198384e-01
2.83309610e-03,2.51198459e-01
3.03677112e-03,2.51198588e-01
3.25508860e-03,2.51198749e-01
3.48910121e-03,2.51198820e-01
3.73993730e-03,2.51199014e-01
4.00880633e-03,2.51199276e-01
4.29700470e-03,2.51199507e-01
4.60592204e-03,2.51199760e-01
4.93704785e-03,2.51200066e-01
5.29197874e-03,2.51200411e-01
5.67242607e-03,2.51200843e-01
6.08022426e-03,2.51201313e-01
6.51733960e-03,2.51201850e-01
6.98587975e-03,2.51202455e-01
7.48810386e-03,2.51203171e-01
8.02643352e-03,2.51203992e-01
8.60346442e-03,2.51204928e-01
9.22197882e-03,2.51206004e-01
9.88495905e-03,2.51207222e-01
1.05956018e-02,2.51208649e-01
1.13573336e-02,2.51210267e-01
1.21738273e-02,2.51212139e-01
1.30490198e-02,2.51214292e-01
1.39871310e-02,2.51216751e-01
1.49926843e-02,2.51219583e-01
1.60705282e-02,2.51222831e-01
1.72258597e-02,2.51226549e-01
1.84642494e-02,2.51230836e-01
1.97916687e-02,2.51235747e-01
2.12145178e-02,2.51241387e-01
2.27396575e-02,2.51247865e-01
2.43744415e-02,2.51255298e-01
2.61267523e-02,2.51263825e-01
2.80050389e-02,2.51273609e-01
3.00183581e-02,2.51284834e-01
3.21764175e-02,2.51297719e-01
3.44896226e-02,2.51312500e-01
3.69691271e-02,2.51329451e-01
3.96268864e-02,2.51348894e-01
4.24757155e-02,2.51371192e-01
4.55293507e-02,2.51396758e-01
4.88025158e-02,2.51426063e-01
5.23109931e-02,2.51459662e-01
5.60716994e-02,2.51498165e-01
6.01027678e-02,2.51542275e-01
6.44236351e-02,2.51592807e-01
6.90551352e-02,2.51650678e-01
7.40196000e-02,2.51716936e-01
7.93409667e-02,2.51792775e-01
8.50448934e-02,2.51879550e-01
9.11588830e-02,2.51978804e-01
9.77124154e-02,2.52092290e-01
1.04737090e-01,2.52221994e-01
1.12266777e-01,2.52370160e-01
1.20337784e-01,2.52539333e-01
1.28989026e-01,2.52732379e-01
1.38262217e-01,2.52952528e-01
1.48202071e-01,2.53203412e-01
1.58856513e-01,2.53489101e-01
1.70276917e-01,2.53814148e-01
1.82518349e-01,2.54183627e-01
1.95639834e-01,2.54603179e-01
2.09704640e-01,2.55079052e-01
2.24780583e-01,2.55618137e-01
2.40940356e-01,2.56228012e-01
2.58261876e-01,2.56916979e-01
2.76828663e-01,2.57694107e-01
2.96730241e-01,2.58569278e-01
3.18062569e-01,2.59553262e-01
3.40928507e-01,2.60657812e-01
3.65438307e-01,2.61895817e-01
3.91710149e-01,2.63281534e-01
4.19870708e-01,2.64830924e-01
4.50055768e-01,2.66562134e-01
4.82410870e-01,2.68496150e-01
5.17092024e-01,2.70657644e-01
5.54266452e-01,2.73076028e-01
5.94113398e-01,2.75786677e-01
6.36824994e-01,2.78832275e-01
6.82607183e-01,2.82264170e-01
7.31680714e-01,2.86143603e-01
7.84282206e-01,2.90542765e-01
8.40665289e-01,2.95545960e-01
9.01101825e-01,3.01252643e-01
9.65883224e-01,3.07790878e-01
1.03532184e+00,3.14980883e-01
1.10975250e+00,3.21717839e-01
1.18953407e+00,3.27852384e-01
1.27505124e+00,3.33318902e-01
1.36671636e+00,3.38056632e-01
1.46497140e+00,3.42012300e-01
1.57029012e+00,3.45143300e-01
1.68318035e+00,3.47421562e-01
1.80418641e+00,3.48838368e-01
1.93389175e+00,3.49410632e-01
2.07292178e+00,3.48918845e-01
2.22194686e+00,3.47082885e-01
2.38168555e+00,3.43931732e-01
2.55290807e+00,3.39515137e-01
2.73644000e+00,3.33901703e-01
2.93316628e+00,3.27176822e-01
3.14403547e+00,3.19440140e-01
3.37006433e+00,3.10802650e-01
3.61234270e+00,3.01383538e-01
3.87203878e+00,2.91306922e-01
4.15040476e+00,2.80698631e-01
4.44878283e+00,3.11268093e-01
4.76861170e+00,3.71559332e-01
5.11143348e+00,4.37099116e-01
5.47890118e+00,4.74130679e-01
5.87278661e+00,4.58926674e-01
6.29498899e+00,4.43385686e-01
6.74754405e+00,4.27623099e-01
7.23263390e+00,4.11748899e-01
7.75259749e+00,3.95865960e-01
8.30994195e+00,3.80068731e-01
8.90735464e+00,3.64442346e-01
9.54771611e+00,3.49062108e-01
1.02341140e+01,3.33993318e-01
1.09698580e+01,3.19291401e-01
1.17584955e+01,3.05002258e-01
1.26038293e+01,2.91162802e-01
1.35099352e+01,2.77801618e-01
1.44811823e+01,2.64939705e-01
1.55222536e+01,2.52591251e-01
1.66381689e+01,2.40764427e-01
1.78343088e+01,2.29462154e-01
1.91164408e+01,2.26536418e-01
2.04907469e+01,2.27459788e-01
2.19638537e+01,2.28699119e-01
2.35428641e+01,2.30295110e-01
2.52353917e+01,2.32295538e-01
2.70495973e+01,2.34754884e-01
2.89942285e+01,2.37733108e-01
3.10786619e+01,2.41293356e-01
3.33129479e+01,2.45498509e-01
3.57078596e+01,2.50406828e-01
3.82749448e+01,2.56067326e-01
4.10265811e+01,2.62515760e-01
4.39760361e+01,2.69772185e-01
4.71375313e+01,2.77840580e-01
5.05263107e+01,2.86710491e-01
5.41587138e+01,2.96360096e-01
5.80522552e+01,3.06759915e-01
6.22257084e+01,3.17876464e-01
6.66991966e+01,3.29675458e-01
7.14942899e+01,3.42124464e-01
7.66341087e+01,3.55195089e-01
8.21434358e+01,3.68864891e-01
8.80488358e+01,3.83096011e-01
9.43787828e+01,3.97192132e-01
1.01163798e+02,4.10749095e-01
1.08436597e+02,4.23659343e-01
1.16232247e+02,4.35821835e-01
1.24588336e+02,4.47144368e-01
1.33545156e+02,4.57545660e-01
1.43145894e+02,4.66957101e-01
1.53436841e+02,4.75324124e-01
1.64467618e+02,4.82607160e-01
1.76291412e+02,4.88782169e-01
1.88965234e+02,4.93840735e-01
2.02550194e+02,4.97789764e-01
2.17111795e+02,5.00650791e-01
2.32720248e+02,5.02458943e-01
2.49450814e+02,5.03261604e-01
2.67384162e+02,5.03116825e-01
2.86606762e+02,5.02091550e-01
3.07211300e+02,5.00259706e-01
3.29297126e+02,4.97700243e-01
3.52970730e+02,4.94495173e-01
3.78346262e+02,4.90727697e-01
4.05546074e+02,4.86480459e-01
4.34701316e+02,4.81833987e-01
4.65952567e+02,4.78172778e-01
4.99450512e+02,4.73958385e-01
5.35356668e+02,4.79103332e-01
5.73844165e+02,4.66600038e-01
6.15098579e+02,4.63596564e-01
6.59318827e+02,4.60306550e-01
7.06718127e+02,4.56747853e-01
7.57525026e+02,4.52943801e-01
8.11984499e+02,4.48919631e-01
8.70359136e+02,4.44700957e-01
9.32930403e+02,4.40313011e-01
1.00000000e+03,4.35780222e-01
