1.00000000e-02,4.98144756e-01
1.07189132e-02,4.98015672e-01
1.14895100e-02,4.97877411e-01
1.23155060e-02,4.97729329e-01
1.32008840e-02,4.97570737e-01
1.41499130e-02,4.97400900e-01
1.51671689e-02,4.97219032e-01
1.62575567e-02,4.97024294e-01
1.74263339e-02,4.96815793e-01
1.86791360e-02,4.96592571e-01
2.00220037e-02,4.96353612e-01
2.14614120e-02,4.96097830e-01
2.30043012e-02,4.95824065e-01
2.46581108e-02,4.95531087e-01
2.64308149e-02,4.95217581e-01
2.83309610e-02,4.94882150e-01
3.03677112e-02,4.94523306e-01
3.25508860e-02,4.94139469e-01
3.48910121e-02,4.93728959e-01
3.73993730e-02,4.93289992e-01
4.00880633e-02,4.92820674e-01
4.29700470e-02,4.92318997e-01
4.60592204e-02,4.91782835e-01
4.93704785e-02,4.91209936e-01
5.29197874e-02,4.90597916e-01
5.67242607e-02,4.89944260e-01
6.08022426e-02,4.89246309e-01
6.51733960e-02,4.88501263e-01
6.98587975e-02,4.87706173e-01
7.48810386e-02,4.86857935e-01
8.02643352e-02,4.85953294e-01
8.60346442e-02,4.84988835e-01
9.22197882e-02,4.83960982e-01
9.88495905e-02,4.82866004e-01
1.05956018e-01,4.81700006e-01
1.13573336e-01,4.80458939e-01
1.21738273e-01,4.79138601e-01
1.30490198e-01,4.77734638e-01
1.39871310e-01,4.76242560e-01
1.49926843e-01,4.74657745e-01
1.60705282e-01,4.72975451e-01
1.72258597e-01,4.71190836e-01
1.84642494e-01,4.69298969e-01
1.97916687e-01,4.67294860e-01
2.12145178e-01,4.65173478e-01
2.27396575e-01,4.62929784e-01
2.43744415e-01,4.60558765e-01
2.61267523e-01,4.58055468e-01
2.80050389e-01,4.55415045e-01
3.00183581e-01,4.52632800e-01
3.21764175e-01,4.49704238e-01
3.44896226e-01,4.46625121e-01
3.69691271e-01,4.43391537e-01
3.96268864e-01,4.39999956e-01
4.24757155e-01,4.36447306e-01
4.55293507e-01,4.32731051e-01
4.88025158e-01,4.28849272e-01
5.23109931e-01,4.24800751e-01
5.60716994e-01,4.20585074e-01
6.01027678e-01,4.16202721e-01
6.44236351e-01,4.11655195e-01
6.90551352e-01,4.06945130e-01
7.40196000e-01,4.02076454e-01
7.93409667e-01,3.97054544e-01
8.50448934e-01,3.91886450e-01
9.11588830e-01,3.86581149e-01
9.77124154e-01,3.81149914e-01
1.04737090e+00,3.75606804e-01
1.12266777e+00,3.69969391e-01
1.20337784e+00,3.64259898e-01
1.28989026e+00,3.58507049e-01
1.38262217e+00,3.52749304e-01
1.48202071e+00,3.47040782e-01
1.58856513e+00,3.41462657e-01
1.70276917e+00,3.36145441e-01
1.82518349e+00,3.31310711e-01
1.95639834e+00,3.27177019e-01
2.09704640e+00,3.22339935e-01
2.24780583e+00,3.23653946e-01
2.40940356e+00,3.31593423e-01
2.58261876e+00,3.38818992e-01
2.76828663e+00,3.45220866e-01
2.96730241e+00,3.50685854e-01
3.18062569e+00,3.55098475e-01
3.40928507e+00,3.58342355e-01
3.65438307e+00,3.60301927e-01
3.91710149e+00,3.60864552e-01
4.19870708e+00,3.59923126e-01
4.50055768e+00,3.57379291e-01
4.82410870e+00,3.53147412e-01
5.17092024e+00,3.47159442e-01
5.54266452e+00,3.39370834e-01
5.94113398e+00,3.29767578e-01
6.36824994e+00,3.18374317e-01
6.82607183e+00,3.05263199e-01
7.31680714e+00,2.90562697e-01
7.84282206e+00,2.87918524e-01
8.40665289e+00,3.13444361e-01
9.01101825e+00,3.44053987e-01
9.65883224e+00,3.81259485e-01
1.03532184e+01,4.31059315e-01
1.10975250e+01,4.52710374e-01
1.18953407e+01,4.35720864e-01
1.27505124e+01,4.19462705e-01
1.36671636e+01,4.04769245e-01
1.46497140e+01,3.91721727e-01
1.57029012e+01,3.79477386e-01
1.68318035e+01,3.67818201e-01
1.80418641e+01,3.56649649e-01
1.93389175e+01,3.45919690e-01
2.07292178e+01,3.35595593e-01
2.22194686e+01,3.25654984e-01
2.38168555e+01,3.16081697e-01
2.55290807e+01,3.06863611e-01
2.73644000e+01,2.97991404e-01
2.93316628e+01,2.97191820e-01
3.14403547e+01,3.06637168e-01
3.37006433e+01,3.15663693e-01
3.61234270e+01,3.24176080e-01
3.87203878e+01,3.32073507e-01
4.15040476e+01,3.39250190e-01
4.44878283e+01,3.45596098e-01
4.76861170e+01,3.50997857e-01
5.11143348e+01,3.55339888e-01
5.47890118e+01,3.58505811e-01
5.87278661e+01,3.60380179e-01
6.29498899e+01,3.60850621e-01
6.74754405e+01,3.59810482e-01
7.23263390e+01,3.57162086e-01
7.75259749e+01,3.52820756e-01
8.30994195e+01,3.46719748e-01
8.90735464e+01,3.38816227e-01
9.54771611e+01,3.29098382e-01
1.02341140e+02,3.17593598e-01
1.09698580e+02,3.04377339e-01
1.17584955e+02,2.89581914e-01
1.26038293e+02,2.89405176e-01
1.35099352e+02,3.15220629e-01
1.44811823e+02,3.46194311e-01
1.55222536e+02,3.83899313e-01
1.66381689e+02,4.45090394e-01
1.78343088e+02,4.60773485e-01
1.91164408e+02,4.43396603e-01
2.04907469e+02,4.26756079e-01
2.19638537e+02,4.10858132e-01
2.35428641e+02,3.95701706e-01
2.52353917e+02,3.81365610e-01
2.70495973e+02,3.68544295e-01
2.89942285e+02,3.56761656e-01
3.10786619e+02,3.45694185e-01
3.33129479e+02,3.35196098e-01
3.57078596e+02,3.25185537e-01
3.82749448e+02,3.15610717e-01
4.10265811e+02,3.06436425e-01
4.39760361e+02,2.97637604e-01
4.71375313e+02,2.89195901e-01
5.05263107e+02,2.81097636e-01
5.41587138e+02,2.73332505e-01
5.80522552e+02,2.65892704e-01
6.22257084e+02,2.58772299e-01
6.66991966e+02,2.51966756e-01
7.14942899e+02,2.45472560e-01
7.66341087e+02,2.39286905e-01
8.21434358e+02,2.33407428e-01
8.80488358e+02,2.27831967e-01
9.43787828e+02,2.22558344e-01
1.01163798e+03,2.17584161e-01
1.08436597e+03,2.12906612e-01
1.16232247e+03,2.08522305e-01
1.24588336e+03,2.04427106e-01
1.33545156e+03,2.00615998e-01
1.43145894e+03,1.97082973e-01
1.53436841e+03,1.93820948e-01
1.64467618e+03,1.90821718e-01
1.76291412e+03,1.88075957e-01
1.88965234e+03,1.85572849e-01
2.02550194e+03,1.83250544e-01
2.17111795e+03,1.81063253e-01
2.32720248e+03,1.79001135e-01
2.49450814e+03,1.77054875e-01
2.67384162e+03,1.75215646e-01
2.86606762e+03,1.73475084e-01
3.07211300e+03,1.71825255e-01
3.29297126e+03,1.70258625e-01
3.52970730e+03,1.68768034e-01
3.78346262e+03,1.67346667e-01
4.05546074e+03,1.65988030e-01
4.34701316e+03,1.64685924e-01
4.65952567e+03,1.63434422e-01
4.99450512e+03,1.62227848e-01
5.35356668e+03,1.61060755e-01
5.73844165e+03,1.59927906e-01
6.15098579e+03,1.58824255e-01
6.59318827e+03,1.57744929e-01
7.06718127e+03,1.56685212e-01
7.57525026e+03,1.55640533e-01
8.11984499e+03,1.54606450e-01
8.70359136e+03,1.53614037e-01
9.32930403e+03,1.52747292e-01
1.00000000e+04,1.51884977e-01
