1.00000000e-03,4.99753412e-01
1.22527986e-03,4.99709160e-01
1.50131073e-03,4.99654957e-01
1.83952580e-03,4.99588569e-01
2.25393390e-03,4.99507266e-01
2.76169981e-03,4.99407706e-01
3.38385515e-03,4.99285806e-01
4.14616956e-03,4.99136580e-01
5.08021805e-03,4.98953937e-01
6.22468884e-03,4.98730451e-01
7.62698586e-03,4.98457070e-01
9.34519215e-03,4.98122780e-01
1.14504757e-02,4.97714195e-01
1.40300372e-02,4.97215082e-01
1.71907220e-02,4.96605798e-01
2.10634454e-02,4.95862640e-01
2.58086154e-02,4.94957116e-01
3.16227766e-02,4.93855119e-01
3.87467512e-02,4.92516047e-01
4.74756138e-02,4.90891898e-01
5.81709133e-02,4.88926399e-01
7.12756483e-02,4.86554297e-01
8.73326162e-02,4.83700951e-01
1.07006896e-01,4.80282479e-01
1.31113394e-01,4.76206773e-01
1.60650600e-01,4.71375769e-01
1.96841945e-01,4.65689478e-01
2.41186470e-01,4.59052212e-01
2.95520924e-01,4.51381399e-01
3.62095835e-01,4.42618980e-01
4.43668733e-01,4.32744769e-01
5.43618362e-01,4.21790130e-01
6.66084629e-01,4.09849063e-01
8.16140079e-01,3.97082869e-01
1.00000000e+00,3.83715805e-01
1.03912230e+00,3.81145426e-01
1.07977516e+00,3.78565512e-01
1.12201845e+00,3.75978264e-01
1.16591440e+00,3.73386002e-01
1.21152766e+00,3.70791195e-01
1.25892541e+00,3.68196519e-01
1.30817747e+00,3.65604910e-01
1.35935639e+00,3.63019670e-01
1.41253754e+00,3.60444584e-01
1.46779927e+00,3.57884088e-01
1.52522296e+00,3.55343501e-01
1.58489319e+00,3.52829326e-01
1.64689787e+00,3.50349660e-01
1.71132830e+00,3.47914741e-01
1.77827941e+00,3.45537690e-01
1.84784980e+00,3.43235542e-01
1.92014194e+00,3.41030703e-01
1.99526231e+00,3.38953156e-01
2.07332157e+00,3.37044184e-01
2.15443469e+00,3.35363928e-01
2.23872114e+00,3.34013115e-01
2.32630507e+00,3.33109229e-01
2.41731548e+00,3.32017917e-01
2.51188643e+00,3.30582421e-01
2.61015722e+00,3.28802975e-01
2.71227258e+00,3.26681389e-01
2.81838293e+00,3.24221079e-01
2.92864456e+00,3.21427094e-01
3.04321989e+00,3.18306121e-01
3.16227766e+00,3.14866471e-01
3.28599325e+00,3.11118046e-01
3.41454887e+00,3.07072285e-01
3.54813389e+00,3.02742095e-01
3.68694506e+00,2.98141756e-01
3.83118685e+00,2.93286816e-01
3.98107171e+00,2.88193965e-01
4.13682040e+00,2.82880893e-01
4.29866235e+00,2.77366142e-01
4.46683592e+00,2.71668945e-01
4.64158883e+00,2.65809057e-01
4.82317848e+00,2.59806586e-01
5.01187234e+00,2.53681820e-01
5.20794833e+00,2.47455057e-01
5.41169527e+00,2.41146441e-01
5.62341325e+00,2.34775806e-01
5.84341413e+00,2.28362528e-01
6.07202196e+00,2.21925391e-01
6.30957344e+00,2.15482464e-01
6.55641849e+00,2.09050995e-01
6.81292069e+00,2.02647320e-01
7.07945784e+00,1.96286789e-01
7.35642254e+00,1.89983704e-01
7.64422274e+00,1.83751280e-01
7.94328235e+00,1.94184491e-01
8.25404185e+00,2.23866517e-01
8.57695899e+00,2.55040316e-01
8.91250938e+00,2.87749694e-01
9.26118728e+00,3.22040451e-01
9.62350626e+00,3.57960468e-01
1.00000000e+01,3.95559806e-01
1.03912230e+01,4.34890789e-01
1.07977516e+01,4.59610607e-01
1.12201845e+01,4.49972020e-01
1.16591440e+01,4.40554185e-01
1.21152766e+01,4.31359194e-01
1.25892541e+01,4.22388345e-01
1.30817747e+01,4.13642219e-01
1.35935639e+01,4.05120741e-01
1.41253754e+01,3.96823242e-01
1.46779927e+01,3.88748521e-01
1.52522296e+01,3.80894898e-01
1.58489319e+01,3.73260263e-01
1.64689787e+01,3.65842131e-01
1.71132830e+01,3.58637680e-01
1.77827941e+01,3.51643797e-01
1.84784980e+01,3.44857114e-01
1.92014194e+01,3.38274044e-01
1.99526231e+01,3.31890816e-01
2.07332157e+01,3.25703499e-01
2.15443469e+01,3.19708036e-01
2.23872114e+01,3.13900265e-01
2.32630507e+01,3.08275942e-01
2.41731548e+01,3.02830763e-01
2.51188643e+01,2.97560382e-01
2.61015722e+01,2.92460425e-01
2.71227258e+01,2.87526511e-01
2.81838293e+01,2.82754260e-01
2.92864456e+01,2.78139307e-01
3.04321989e+01,2.73677313e-01
3.16227766e+01,2.69363974e-01
3.28599325e+01,2.65195030e-01
3.41454887e+01,2.61166271e-01
3.54813389e+01,2.57273545e-01
3.68694506e+01,2.53512761e-01
3.83118685e+01,2.49879897e-01
3.98107171e+01,2.46371002e-01
4.13682040e+01,2.42982197e-01
4.29866235e+01,2.39709683e-01
4.46683592e+01,2.36549740e-01
4.64158883e+01,2.33498726e-01
4.82317848e+01,2.30553085e-01
5.01187234e+01,2.27709343e-01
5.20794833e+01,2.24964108e-01
5.41169527e+01,2.22314073e-01
5.62341325e+01,2.19756016e-01
5.84341413e+01,2.17286796e-01
6.07202196e+01,2.14903355e-01
6.30957344e+01,2.12602720e-01
6.55641849e+01,2.10381995e-01
6.81292069e+01,2.08238367e-01
7.07945784e+01,2.06169101e-01
7.35642254e+01,2.04171540e-01
7.64422274e+01,2.02243101e-01
7.94328235e+01,2.00381278e-01
8.25404185e+01,1.98583637e-01
8.57695899e+01,1.96847816e-01
8.91250938e+01,1.95171522e-01
9.26118728e+01,1.93552532e-01
9.62350626e+01,1.91988686e-01
1.00000000e+02,1.90477893e-01
1.05372497e+02,1.88499557e-01
1.11033632e+02,1.86611136e-01
1.16998911e+02,1.84807866e-01
1.23284674e+02,1.83085179e-01
1.29908140e+02,1.81438692e-01
1.36887451e+02,1.79864201e-01
1.44241726e+02,1.78357671e-01
1.51991108e+02,1.76915231e-01
1.60156826e+02,1.75533166e-01
1.68761248e+02,1.74292274e-01
1.77827941e+02,1.73173153e-01
1.87381742e+02,1.72101488e-01
1.97448821e+02,1.71074735e-01
2.08056754e+02,1.70090431e-01
2.19234597e+02,1.69146202e-01
2.31012970e+02,1.68239751e-01
2.43424136e+02,1.67368860e-01
2.56502091e+02,1.66531383e-01
2.70282658e+02,1.65725249e-01
2.84803587e+02,1.64948450e-01
3.00104652e+02,1.64199047e-01
3.16227766e+02,1.63475159e-01
3.33217094e+02,1.62774966e-01
3.51119173e+02,1.62096701e-01
3.69983041e+02,1.61438648e-01
3.89860370e+02,1.60799143e-01
4.10805608e+02,1.60176563e-01
4.32876128e+02,1.59569330e-01
4.56132386e+02,1.58975906e-01
4.80638086e+02,1.58394788e-01
5.06460354e+02,1.57827101e-01
5.33669923e+02,1.57294260e-01
5.62341325e+02,1.56797556e-01
5.92553098e+02,1.56332961e-01
6.24387997e+02,1.55897110e-01
6.57933225e+02,1.55487174e-01
6.93280669e+02,1.55100753e-01
7.30527154e+02,1.54735800e-01
7.69774706e+02,1.54390558e-01
8.11130831e+02,1.54063506e-01
8.54708813e+02,1.53753320e-01
9.00628020e+02,1.53458839e-01
9.49014236e+02,1.53179037e-01
1.00000000e+03,1.52912999e-01
