1.00000000e-02,2.03567296e-01
1.07189132e-02,2.03569309e-01
1.14895100e-02,2.03571646e-01
1.23155060e-02,2.03574323e-01
1.32008840e-02,2.03577394e-01
1.41499130e-02,2.03580925e-01
1.51671689e-02,2.03584998e-01
1.62575567e-02,2.03589670e-01
1.74263339e-02,2.03595040e-01
1.86791360e-02,2.03601210e-01
2.00220037e-02,2.03608314e-01
2.14614120e-02,2.03616483e-01
2.30043012e-02,2.03625881e-01
2.46581108e-02,2.03636687e-01
2.64308149e-02,2.03649117e-01
2.83309610e-02,2.03663415e-01
3.03677112e-02,2.03679864e-01
3.25508860e-02,2.03698796e-01
3.48910121e-02,2.03720583e-01
3.73993730e-02,2.03745653e-01
4.00880633e-02,2.03774516e-01
4.29700470e-02,2.03807743e-01
4.60592204e-02,2.03846011e-01
4.93704785e-02,2.03890080e-01
5.29197874e-02,2.03940847e-01
5.67242607e-02,2.03999343e-01
6.08022426e-02,2.04066763e-01
6.51733960e-02,2.04144488e-01
6.98587975e-02,2.04234121e-01
7.48810386e-02,2.04337524e-01
8.02643352e-02,2.04456849e-01
8.60346442e-02,2.04594612e-01
9.22197882e-02,2.04753725e-01
9.88495905e-02,2.04937588e-01
1.05956018e-01,2.05150162e-01
1.13573336e-01,2.05396073e-01
1.21738273e-01,2.05680727e-01
1.30490198e-01,2.06010451e-01
1.39871310e-01,2.06392668e-01
1.49926843e-01,2.06836083e-01
1.60705282e-01,2.07350938e-01
1.72258597e-01,2.07949287e-01
1.84642494e-01,2.08645334e-01
1.97916687e-01,2.09455835e-01
2.12145178e-01,2.10400555e-01
2.27396575e-01,2.11502801e-01
2.43744415e-01,2.12790009e-01
2.61267523e-01,2.14294371e-01
2.80050389e-01,2.16053448e-01
3.00183581e-01,2.18110694e-01
3.21764175e-01,2.20515754e-01
3.44896226e-01,2.23324348e-01
3.69691271e-01,2.26597551e-01
3.96268864e-01,2.30400295e-01
4.24757155e-01,2.34799124e-01
4.55293507e-01,2.39859534e-01
4.88025158e-01,2.45643625e-01
5.23109931e-01,2.52208995e-01
5.60716994e-01,2.59609714e-01
6.01027678e-01,2.67900223e-01
6.44236351e-01,2.77145499e-01
6.90551352e-01,2.87172506e-01
7.40196000e-01,2.97200644e-01
7.93409667e-01,3.07132550e-01
8.50448934e-01,3.16923079e-01
9.11588830e-01,3.26528532e-01
9.77124154e-01,3.35872141e-01
1.04737090e+00,3.44507757e-01
1.12266777e+00,3.52240286e-01
1.20337784e+00,3.58982911e-01
1.28989026e+00,3.64657919e-01
1.38262217e+00,3.69198031e-01
1.48202071e+00,3.72547639e-01
1.58856513e+00,3.74663935e-01
1.70276917e+00,3.75517929e-01
1.82518349e+00,3.78083687e-01
1.95639834e+00,3.86451949e-01
2.09704640e+00,3.95297752e-01
2.24780583e+00,4.03917179e-01
2.40940356e+00,4.11968316e-01
2.58261876e+00,4.19263814e-01
2.76828663e+00,4.25693142e-01
2.96730241e+00,4.31153386e-01
3.18062569e+00,4.35550022e-01
3.40928507e+00,4.38836489e-01
3.65438307e+00,4.40850740e-01
3.91710149e+00,4.41489637e-01
4.19870708e+00,4.40651797e-01
4.50055768e+00,4.38239425e-01
4.82410870e+00,4.34160637e-01
5.17092024e+00,4.28332443e-01
5.54266452e+00,4.20684531e-01
5.94113398e+00,4.11164058e-01
6.36824994e+00,3.99741621e-01
6.82607183e+00,3.86418573e-01
7.31680714e+00,3.71235723e-01
7.84282206e+00,3.54283189e-01
8.40665289e+00,3.35710715e-01
9.01101825e+00,3.15736967e-01
9.65883224e+00,3.01380475e-01
1.03532184e+01,3.30674564e-01
1.10975250e+01,3.37754149e-01
1.18953407e+01,3.25383598e-01
1.27505124e+01,3.13386710e-01
1.36671636e+01,3.01747008e-01
1.46497140e+01,2.90449651e-01
1.57029012e+01,2.79481174e-01
1.68318035e+01,2.68829287e-01
1.80418641e+01,2.58482719e-01
1.93389175e+01,2.48431098e-01
2.07292178e+01,2.38664867e-01
2.22194686e+01,2.29175210e-01
2.38168555e+01,2.19953996e-01
2.55290807e+01,2.10993732e-01
2.73644000e+01,2.02287527e-01
2.93316628e+01,1.93829052e-01
3.14403547e+01,1.85612516e-01
3.37006433e+01,1.77632634e-01
3.61234270e+01,1.69884600e-01
3.87203878e+01,1.62364068e-01
4.15040476e+01,1.55067121e-01
4.44878283e+01,1.47990253e-01
4.76861170e+01,1.41130342e-01
5.11143348e+01,1.34484631e-01
5.47890118e+01,1.28050693e-01
5.87278661e+01,1.21826418e-01
6.29498899e+01,1.15809971e-01
6.74754405e+01,1.09999774e-01
7.23263390e+01,1.04394465e-01
7.75259749e+01,9.89928676e-02
8.30994195e+01,9.37939507e-02
8.90735464e+01,8.87967908e-02
9.54771611e+01,8.40005277e-02
1.02341140e+02,7.94043196e-02
1.09698580e+02,7.50072960e-02
1.17584955e+02,7.08085090e-02
1.26038293e+02,6.68068841e-02
1.35099352e+02,6.30011711e-02
1.44811823e+02,5.93898962e-02
1.55222536e+02,5.59713173e-02
1.66381689e+02,5.27433828e-02
1.78343088e+02,4.97036963e-02
1.91164408e+02,4.68494880e-02
2.04907469e+02,4.41775942e-02
2.19638537e+02,4.16844460e-02
2.35428641e+02,3.93660668e-02
2.52353917e+02,3.72180800e-02
2.70495973e+02,3.52357249e-02
2.89942285e+02,3.34138816e-02
3.10786619e+02,3.17471035e-02
3.33129479e+02,3.02296594e-02
3.57078596e+02,2.88555872e-02
3.82749448e+02,2.76187692e-02
4.10265811e+02,2.65130501e-02
4.39760361e+02,2.55324545e-02
4.71375313e+02,2.46716846e-02
5.05263107e+02,2.39277798e-02
5.41587138e+02,2.33788062e-02
5.80522552e+02,2.28818636e-02
6.22257084e+02,2.24137193e-02
6.66991966e+02,2.19722144e-02
7.14942899e+02,2.15553130e-02
7.66341087e+02,2.11610937e-02
8.21434358e+02,2.07877430e-02
8.80488358e+02,2.04335468e-02
9.43787828e+02,2.00968846e-02
1.01163798e+03,1.97762229e-02
1.08436597e+03,1.94701093e-02
1.16232247e+03,1.91771666e-02
1.24588336e+03,1.88960886e-02
1.33545156e+03,1.86256348e-02
1.43145894e+03,1.83646261e-02
1.53436841e+03,1.81119414e-02
1.64467618e+03,1.78665135e-02
1.76291412e+03,1.76273267e-02
1.88965234e+03,1.73934135e-02
2.02550194e+03,1.71638525e-02
2.17111795e+03,1.69377667e-02
2.32720248e+03,1.67143215e-02
2.49450814e+03,1.64927238e-02
2.67384162e+03,1.62747343e-02
2.86606762e+03,1.60801057e-02
3.07211300e+03,1.59100673e-02
3.29297126e+03,1.57613344e-02
3.52970730e+03,1.56311851e-02
3.78346262e+03,1.55173528e-02
4.05546074e+03,1.54179580e-02
4.34701316e+03,1.53314656e-02
4.65952567e+03,1.52566687e-02
4.99450512e+03,1.51900209e-02
5.35356668e+03,1.51179263e-02
5.73844165e+03,1.50384799e-02
6.15098579e+03,1.49515575e-02
6.59318827e+03,1.48570294e-02
7.06718127e+03,1.47547631e-02
7.57525026e+03,1.46446255e-02
8.11984499e+03,1.45264858e-02
8.70359136e+03,1.44002184e-02
9.32930403e+03,1.42657060e-02
1.00000000e+04,1.41228428e-02
