1.00000000e-02,2.03567148e-01
1.07189132e-02,2.03569152e-01
1.14895100e-02,2.03571441e-01
1.23155060e-02,2.03574097e-01
1.32008840e-02,2.03577143e-01
1.41499130e-02,2.03580634e-01
1.51671689e-02,2.03584654e-01
1.62575567e-02,2.03589274e-01
1.74263339e-02,2.03594592e-01
1.86791360e-02,2.03600704e-01
2.00220037e-02,2.03607723e-01
2.14614120e-02,2.03615809e-01
2.30043012e-02,2.03625105e-01
2.46581108e-02,2.03635791e-01
2.64308149e-02,2.03648091e-01
2.83309610e-02,2.03662240e-01
3.03677112e-02,2.03678518e-01
3.25508860e-02,2.03697247e-01
3.48910121e-02,2.03718801e-01
3.73993730e-02,2.03743612e-01
4.00880633e-02,2.03772170e-01
4.29700470e-02,2.03805055e-01
4.60592204e-02,2.03842923e-01
4.93704785e-02,2.03886539e-01
5.29197874e-02,2.03936785e-01
5.67242607e-02,2.03994687e-01
6.08022426e-02,2.04061424e-01
6.51733960e-02,2.04138366e-01
6.98587975e-02,2.04227105e-01
7.48810386e-02,2.04329481e-01
8.02643352e-02,2.04447636e-01
8.60346442e-02,2.04584056e-01
9.22197882e-02,2.04741635e-01
9.88495905e-02,2.04923743e-01
1.05956018e-01,2.05134311e-01
1.13573336e-01,2.05377932e-01
1.21738273e-01,2.05659970e-01
1.30490198e-01,2.05986710e-01
1.39871310e-01,2.06365519e-01
1.49926843e-01,2.06805049e-01
1.60705282e-01,2.07315475e-01
1.72258597e-01,2.07908774e-01
1.84642494e-01,2.08599066e-01
1.97916687e-01,2.09403006e-01
2.12145178e-01,2.10340239e-01
2.27396575e-01,2.11433935e-01
2.43744415e-01,2.12711352e-01
2.61267523e-01,2.14204466e-01
2.80050389e-01,2.15950551e-01
3.00183581e-01,2.17992682e-01
3.21764175e-01,2.20379984e-01
3.44896226e-01,2.23167471e-01
3.69691271e-01,2.26415263e-01
3.96268864e-01,2.30187046e-01
4.24757155e-01,2.34547818e-01
4.55293507e-01,2.39561293e-01
4.88025158e-01,2.45287679e-01
5.23109931e-01,2.51782652e-01
5.60716994e-01,2.59098068e-01
6.01027678e-01,2.67284457e-01
6.44236351e-01,2.76395160e-01
6.90551352e-01,2.86391822e-01
7.40196000e-01,2.96526986e-01
7.93409667e-01,3.06603468e-01
8.50448934e-01,3.16583006e-01
9.11588830e-01,3.26429825e-01
9.77124154e-01,3.35872141e-01
1.04737090e+00,3.44507757e-01
1.12266777e+00,3.52240286e-01
1.20337784e+00,3.58982911e-01
1.28989026e+00,3.64657919e-01
1.38262217e+00,3.69198031e-01
1.48202071e+00,3.72547639e-01
1.58856513e+00,3.74663935e-01
1.70276917e+00,3.75517929e-01
1.82518349e+00,3.78083687e-01
1.95639834e+00,3.86451949e-01
2.09704640e+00,3.95297752e-01
2.24780583e+00,4.03917179e-01
2.40940356e+00,4.11968316e-01
2.58261876e+00,4.19263814e-01
2.76828663e+00,4.25693142e-01
2.96730241e+00,4.31153386e-01
3.18062569e+00,4.35541303e-01
3.40928507e+00,4.38752468e-01
3.65438307e+00,4.40681673e-01
3.91710149e+00,4.41223850e-01
4.19870708e+00,4.40275391e-01
4.50055768e+00,4.37735911e-01
4.82410870e+00,4.33510548e-01
5.17092024e+00,4.27512941e-01
5.54266452e+00,4.19669068e-01
5.94113398e+00,4.09922144e-01
6.36824994e+00,3.98238831e-01
6.82607183e+00,3.84616934e-01
7.31680714e+00,3.69094698e-01
7.84282206e+00,3.51761510e-01
8.40665289e+00,3.32769309e-01
9.01101825e+00,3.12343112e-01
9.65883224e+00,2.97510866e-01
1.03532184e+01,3.27494039e-01
1.10975250e+01,3.34796779e-01
1.18953407e+01,3.21948876e-01
1.27505124e+01,3.09486944e-01
1.36671636e+01,3.16937815e-01
1.46497140e+01,3.27048328e-01
1.57029012e+01,3.36444261e-01
1.68318035e+01,3.45025393e-01
1.80418641e+01,3.52697694e-01
1.93389175e+01,3.59374885e-01
2.07292178e+01,3.64979872e-01
2.22194686e+01,3.69446082e-01
2.38168555e+01,3.72718684e-01
2.55290807e+01,3.74755718e-01
2.73644000e+01,3.75529101e-01
2.93316628e+01,3.78557967e-01
3.14403547e+01,3.87010896e-01
3.37006433e+01,3.95854399e-01
3.61234270e+01,4.04447019e-01
3.87203878e+01,4.12454202e-01
4.15040476e+01,4.19697925e-01
4.44878283e+01,4.26068903e-01
4.76861170e+01,4.31464286e-01
5.11143348e+01,4.35780762e-01
5.47890118e+01,4.38913835e-01
5.87278661e+01,4.40758276e-01
6.29498899e+01,4.41209065e-01
6.74754405e+01,4.40162742e-01
7.23263390e+01,4.37519197e-01
7.75259749e+01,4.33184009e-01
8.30994195e+01,4.27071477e-01
8.90735464e+01,4.19108510e-01
9.54771611e+01,4.09239613e-01
1.02341140e+02,3.97433173e-01
1.09698580e+02,3.83689267e-01
1.17584955e+02,3.68049049e-01
1.26038293e+02,3.50605529e-01
1.35099352e+02,3.31514984e-01
1.44811823e+02,3.11007354e-01
1.55222536e+02,2.99244240e-01
1.66381689e+02,3.29598258e-01
1.78343088e+02,3.33971060e-01
1.91164408e+02,3.21148076e-01
2.04907469e+02,3.08710081e-01
2.19638537e+02,2.96642188e-01
2.35428641e+02,2.84930595e-01
2.52353917e+02,2.73562523e-01
2.70495973e+02,2.62526178e-01
2.89942285e+02,2.51810709e-01
3.10786619e+02,2.41406167e-01
3.33129479e+02,2.31303471e-01
3.57078596e+02,2.21494361e-01
3.82749448e+02,2.11971352e-01
4.10265811e+02,2.02727694e-01
4.39760361e+02,1.93757323e-01
4.71375313e+02,1.85054813e-01
5.05263107e+02,1.76615332e-01
5.41587138e+02,1.68434597e-01
5.80522552e+02,1.60508821e-01
6.22257084e+02,1.52834675e-01
6.66991966e+02,1.45409237e-01
7.14942899e+02,1.38229947e-01
7.66341087e+02,1.31294557e-01
8.21434358e+02,1.24601091e-01
8.80488358e+02,1.18147788e-01
9.43787828e+02,1.11933061e-01
1.01163798e+03,1.05955446e-01
1.08436597e+03,1.00213549e-01
1.16232247e+03,9.47060036e-02
1.24588336e+03,8.94337457e-02
1.33545156e+03,8.44246003e-02
1.43145894e+03,7.96617744e-02
1.53436841e+03,7.51206900e-02
1.64467618e+03,7.08000324e-02
1.76291412e+03,6.66981700e-02
1.88965234e+03,6.28131203e-02
2.02550194e+03,5.91425193e-02
2.17111795e+03,5.56835983e-02
2.32720248e+03,5.24331652e-02
2.49450814e+03,4.93875923e-02
2.67384162e+03,4.65428112e-02
2.86606762e+03,4.38943128e-02
3.07211300e+03,4.14371533e-02
3.29297126e+03,3.91659654e-02
3.52970730e+03,3.70749722e-02
3.78346262e+03,3.51580033e-02
4.05546074e+03,3.34085111e-02
4.34701316e+03,3.18195861e-02
4.65952567e+03,3.03839709e-02
4.99450512e+03,2.90940731e-02
5.35356668e+03,2.79419793e-02
5.73844165e+03,2.69194742e-02
6.15098579e+03,2.60180686e-02
6.59318827e+03,2.52290418e-02
7.06718127e+03,2.45433176e-02
7.57525026e+03,2.39204319e-02
8.11984499e+03,2.33326098e-02
8.70359136e+03,2.27771484e-02
9.32930403e+03,2.22515014e-02
1.00000000e+04,2.17532687e-02
