1.00000000e-02,2.03567150e-01
1.07189132e-02,2.03569156e-01
1.14895100e-02,2.03571444e-01
1.23155060e-02,2.03574097e-01
1.32008840e-02,2.03577137e-01
1.41499130e-02,2.03580635e-01
1.51671689e-02,2.03584655e-01
1.62575567e-02,2.03589281e-01
1.74263339e-02,2.03594591e-01
1.86791360e-02,2.03600705e-01
2.00220037e-02,2.03607731e-01
2.14614120e-02,2.03615819e-01
2.30043012e-02,2.03625108e-01
2.46581108e-02,2.03635806e-01
2.64308149e-02,2.03648102e-01
2.83309610e-02,2.03662257e-01
3.03677112e-02,2.03678533e-01
3.25508860e-02,2.03697267e-01
3.48910121e-02,2.03718828e-01
3.73993730e-02,2.03743640e-01
4.00880633e-02,2.03772210e-01
4.29700470e-02,2.03805098e-01
4.60592204e-02,2.03842976e-01
4.93704785e-02,2.03886603e-01
5.29197874e-02,2.03936861e-01
5.67242607e-02,2.03994776e-01
6.08022426e-02,2.04061535e-01
6.51733960e-02,2.04138498e-01
6.98587975e-02,2.04227266e-01
7.48810386e-02,2.04329677e-01
8.02643352e-02,2.04447871e-01
8.60346442e-02,2.04584338e-01
9.22197882e-02,2.04741977e-01
9.88495905e-02,2.04924159e-01
1.05956018e-01,2.05134817e-01
1.13573336e-01,2.05378546e-01
1.21738273e-01,2.05660717e-01
1.30490198e-01,2.05987619e-01
1.39871310e-01,2.06366629e-01
1.49926843e-01,2.06806405e-01
1.60705282e-01,2.07317134e-01
1.72258597e-01,2.07910806e-01
1.84642494e-01,2.08601559e-01
1.97916687e-01,2.09406068e-01
2.12145178e-01,2.10344008e-01
2.27396575e-01,2.11438576e-01
2.43744415e-01,2.12717077e-01
2.61267523e-01,2.14211530e-01
2.80050389e-01,2.15959271e-01
3.00183581e-01,2.18003441e-01
3.21764175e-01,2.20393240e-01
3.44896226e-01,2.23183756e-01
3.69691271e-01,2.26435174e-01
3.96268864e-01,2.30211219e-01
4.24757155e-01,2.34576883e-01
4.55293507e-01,2.39595810e-01
4.88025158e-01,2.45328064e-01
5.23109931e-01,2.51829120e-01
5.60716994e-01,2.59150623e-01
6.01027678e-01,2.67342975e-01
6.44236351e-01,2.76459710e-01
6.90551352e-01,2.86455626e-01
7.40196000e-01,2.96579291e-01
7.93409667e-01,3.06641970e-01
8.50448934e-01,3.16604994e-01
9.11588830e-01,3.26432077e-01
9.77124154e-01,3.35872141e-01
1.04737090e+00,3.44507757e-01
1.12266777e+00,3.52240286e-01
1.20337784e+00,3.58982911e-01
1.28989026e+00,3.64657919e-01
1.38262217e+00,3.69198031e-01
1.48202071e+00,3.72547639e-01
1.58856513e+00,3.74663935e-01
1.70276917e+00,3.75517929e-01
1.82518349e+00,3.78083687e-01
1.95639834e+00,3.86451949e-01
2.09704640e+00,3.95297752e-01
2.24780583e+00,4.03917179e-01
2.40940356e+00,4.11968316e-01
2.58261876e+00,4.19263814e-01
2.76828663e+00,4.25693142e-01
2.96730241e+00,4.31153386e-01
3.18062569e+00,4.35541303e-01
3.40928507e+00,4.38752468e-01
3.65438307e+00,4.40681673e-01
3.91710149e+00,4.41223850e-01
4.19870708e+00,4.40275391e-01
4.50055768e+00,4.37735911e-01
4.82410870e+00,4.33510548e-01
5.17092024e+00,4.27512941e-01
5.54266452e+00,4.19669068e-01
5.94113398e+00,4.09922144e-01
6.36824994e+00,3.98238831e-01
6.82607183e+00,3.84616934e-01
7.31680714e+00,3.69094698e-01
7.84282206e+00,3.51761510e-01
8.40665289e+00,3.32769309e-01
9.01101825e+00,3.12343112e-01
9.65883224e+00,2.97510866e-01
1.03532184e+01,3.27494039e-01
1.10975250e+01,3.34796779e-01
1.18953407e+01,3.21948876e-01
1.27505124e+01,3.09486944e-01
1.36671636e+01,2.97396025e-01
1.46497140e+01,2.85662249e-01
1.57029012e+01,2.74272774e-01
1.68318035e+01,2.63215744e-01
1.80418641e+01,2.52480250e-01
1.93389175e+01,2.42056288e-01
2.07292178e+01,2.31934723e-01
2.22194686e+01,2.22107243e-01
2.38168555e+01,2.12566316e-01
2.55290807e+01,2.16558737e-01
2.73644000e+01,2.21886210e-01
2.93316628e+01,2.28016687e-01
3.14403547e+01,2.35004742e-01
3.37006433e+01,2.42889987e-01
3.61234270e+01,2.51698221e-01
3.87203878e+01,2.61445549e-01
4.15040476e+01,2.72144397e-01
4.44878283e+01,2.83750852e-01
4.76861170e+01,2.95356829e-01
5.11143348e+01,3.06565321e-01
5.47890118e+01,3.17268000e-01
5.87278661e+01,3.27357464e-01
6.29498899e+01,3.36729095e-01
6.74754405e+01,3.45282843e-01
7.23263390e+01,3.52924901e-01
7.75259749e+01,3.59569257e-01
8.30994195e+01,3.65139134e-01
8.90735464e+01,3.69568310e-01
9.54771611e+01,3.72802346e-01
1.02341140e+02,3.74799706e-01
1.09698580e+02,3.75532763e-01
1.17584955e+02,3.78800479e-01
1.26038293e+02,3.87290738e-01
1.35099352e+02,3.96132348e-01
1.44811823e+02,4.04711024e-01
1.55222536e+02,4.12695993e-01
1.66381689e+02,4.19913669e-01
1.78343088e+02,4.26255317e-01
1.91164408e+02,4.31618114e-01
2.04907469e+02,4.35898711e-01
2.19638537e+02,4.38992580e-01
2.35428641e+02,4.40794481e-01
2.52353917e+02,4.41199421e-01
2.70495973e+02,4.40104015e-01
2.89942285e+02,4.37408294e-01
3.10786619e+02,4.33018064e-01
3.33129479e+02,4.26847958e-01
3.57078596e+02,4.18825360e-01
3.82749448e+02,4.08895427e-01
4.10265811e+02,3.97027423e-01
4.39760361e+02,3.83222572e-01
4.71375313e+02,3.67523500e-01
5.05263107e+02,3.50025046e-01
5.41587138e+02,3.30885675e-01
5.80522552e+02,3.10337793e-01
6.22257084e+02,3.00118769e-01
6.66991966e+02,3.30660389e-01
7.14942899e+02,3.33558804e-01
7.66341087e+02,3.20748255e-01
8.21434358e+02,3.08322206e-01
8.80488358e+02,2.96265806e-01
9.43787828e+02,2.84565285e-01
1.01163798e+03,2.73261510e-01
1.08436597e+03,2.62305040e-01
1.16232247e+03,2.51664718e-01
1.24588336e+03,2.41330676e-01
1.33545156e+03,2.31293885e-01
1.43145894e+03,2.21546138e-01
1.53436841e+03,2.12080013e-01
1.64467618e+03,2.02888842e-01
1.76291412e+03,1.93966662e-01
1.88965234e+03,1.85308169e-01
2.02550194e+03,1.76908674e-01
2.17111795e+03,1.68764047e-01
2.32720248e+03,1.60870674e-01
2.49450814e+03,1.53225404e-01
2.67384162e+03,1.45825499e-01
2.86606762e+03,1.38668588e-01
3.07211300e+03,1.31752612e-01
3.29297126e+03,1.25075780e-01
3.52970730e+03,1.18636514e-01
3.78346262e+03,1.12433402e-01
4.05546074e+03,1.06465146e-01
4.34701316e+03,1.00730515e-01
4.65952567e+03,9.52282911e-02
4.99450512e+03,8.99572228e-02
5.35356668e+03,8.49159766e-02
5.73844165e+03,8.01030899e-02
6.15098579e+03,7.55169255e-02
6.59318827e+03,7.11556293e-02
7.06718127e+03,6.70170905e-02
7.57525026e+03,6.30989051e-02
8.11984499e+03,5.93983439e-02
8.70359136e+03,5.59123248e-02
9.32930403e+03,5.26373907e-02
1.00000000e+04,4.95696926e-02
