1.00000000e-02,2.31809599e-01
1.07189132e-02,2.31834742e-01
1.14895100e-02,2.31863584e-01
1.23155060e-02,2.31896672e-01
1.32008840e-02,2.31934628e-01
1.41499130e-02,2.31978164e-01
1.51671689e-02,2.32028097e-01
1.62575567e-02,2.32085358e-01
1.74263339e-02,2.32151019e-01
1.86791360e-02,2.32226306e-01
2.00220037e-02,2.32312620e-01
2.14614120e-02,2.32411566e-01
2.30043012e-02,2.32524984e-01
2.46581108e-02,2.32654972e-01
2.64308149e-02,2.32803935e-01
2.83309610e-02,2.32974625e-01
3.03677112e-02,2.33170182e-01
3.25508860e-02,2.33394201e-01
3.48910121e-02,2.33650784e-01
3.73993730e-02,2.33944614e-01
4.00880633e-02,2.34281035e-01
4.29700470e-02,2.34666129e-01
4.60592204e-02,2.35106822e-01
4.93704785e-02,2.35610980e-01
5.29197874e-02,2.36187518e-01
5.67242607e-02,2.36846518e-01
6.08022426e-02,2.37599347e-01
6.51733960e-02,2.38458774e-01
6.98587975e-02,2.39439080e-01
7.48810386e-02,2.40556165e-01
8.02643352e-02,2.41827643e-01
8.60346442e-02,2.43272921e-01
9.22197882e-02,2.44913274e-01
9.88495905e-02,2.46771936e-01
1.05956018e-01,2.48874220e-01
1.13573336e-01,2.51247712e-01
1.21738273e-01,2.53922603e-01
1.30490198e-01,2.56932194e-01
1.39871310e-01,2.60313646e-01
1.49926843e-01,2.64109009e-01
1.60705282e-01,2.68366508e-01
1.72258597e-01,2.73142086e-01
1.84642494e-01,2.78501161e-01
1.97916687e-01,2.84520947e-01
2.12145178e-01,2.91295265e-01
2.27396575e-01,2.98895258e-01
2.43744415e-01,3.06440054e-01
2.61267523e-01,3.13529540e-01
2.80050389e-01,3.20106142e-01
3.00183581e-01,3.26117452e-01
3.21764175e-01,3.31519436e-01
3.44896226e-01,3.36280637e-01
3.69691271e-01,3.40387776e-01
3.96268864e-01,3.43853319e-01
4.24757155e-01,3.46726044e-01
4.55293507e-01,3.49663704e-01
4.88025158e-01,3.59810612e-01
5.23109931e-01,3.69486513e-01
5.60716994e-01,3.78598098e-01
6.01027678e-01,3.87049596e-01
6.44236351e-01,3.94741807e-01
6.90551352e-01,4.01572260e-01
7.40196000e-01,4.07435662e-01
7.93409667e-01,4.12224526e-01
8.50448934e-01,4.15829990e-01
9.11588830e-01,4.18142831e-01
9.77124154e-01,4.19054750e-01
1.04737090e+00,4.18459990e-01
1.12266777e+00,4.16257384e-01
1.20337784e+00,4.12352966e-01
1.28989026e+00,4.06663287e-01
1.38262217e+00,3.99119639e-01
1.48202071e+00,3.89673377e-01
1.58856513e+00,3.78302544e-01
1.70276917e+00,3.65019943e-01
1.82518349e+00,3.49991398e-01
1.95639834e+00,3.60124830e-01
2.09704640e+00,3.69784291e-01
2.24780583e+00,3.78876454e-01
2.40940356e+00,3.87305439e-01
2.58261876e+00,3.94971940e-01
2.76828663e+00,4.01773388e-01
2.96730241e+00,4.07604410e-01
3.18062569e+00,4.12357462e-01
3.40928507e+00,4.15923654e-01
3.65438307e+00,4.18193770e-01
3.91710149e+00,4.19059566e-01
4.19870708e+00,4.18415395e-01
4.50055768e+00,4.16160276e-01
4.82410870e+00,4.12200520e-01
5.17092024e+00,4.06453076e-01
5.54266452e+00,3.98849783e-01
5.94113398e+00,3.89342732e-01
6.36824994e+00,3.77910937e-01
6.82607183e+00,3.64568448e-01
7.31680714e+00,3.49373857e-01
7.84282206e+00,3.32440763e-01
8.40665289e+00,3.13948142e-01
9.01101825e+00,2.94148578e-01
9.65883224e+00,3.14112795e-01
1.03532184e+01,3.46841517e-01
1.10975250e+01,3.55428640e-01
1.18953407e+01,3.42428199e-01
1.27505124e+01,3.29818336e-01
1.36671636e+01,3.17585638e-01
1.46497140e+01,3.05717406e-01
1.57029012e+01,2.94201682e-01
1.68318035e+01,2.83027274e-01
1.80418641e+01,2.72183768e-01
1.93389175e+01,2.61661534e-01
2.07292178e+01,2.51451718e-01
2.22194686e+01,2.41546228e-01
2.38168555e+01,2.31937707e-01
2.55290807e+01,2.22619511e-01
2.73644000e+01,2.13585673e-01
2.93316628e+01,2.04830869e-01
3.14403547e+01,1.96350387e-01
3.37006433e+01,1.88140085e-01
3.61234270e+01,1.80196356e-01
3.87203878e+01,1.72516089e-01
4.15040476e+01,1.65096633e-01
4.44878283e+01,1.57935751e-01
4.76861170e+01,1.51031586e-01
5.11143348e+01,1.44382618e-01
5.47890118e+01,1.37987619e-01
5.87278661e+01,1.31845612e-01
6.29498899e+01,1.25955823e-01
6.74754405e+01,1.20317635e-01
7.23263390e+01,1.14930536e-01
7.75259749e+01,1.09794065e-01
8.30994195e+01,1.04907756e-01
8.90735464e+01,1.00271072e-01
9.54771611e+01,9.58833404e-02
1.02341140e+02,9.17454962e-02
1.09698580e+02,8.78596708e-02
1.17584955e+02,8.42235968e-02
1.26038293e+02,8.08347156e-02
1.35099352e+02,7.76903376e-02
1.44811823e+02,7.47878621e-02
1.55222536e+02,7.21256607e-02
1.66381689e+02,6.97077393e-02
1.78343088e+02,6.75664565e-02
1.91164408e+02,6.56285866e-02
2.04907469e+02,6.38750051e-02
2.19638537e+02,6.22991913e-02
2.35428641e+02,6.08932465e-02
2.52353917e+02,5.96480177e-02
2.70495973e+02,5.85459133e-02
2.89942285e+02,5.75184857e-02
3.10786619e+02,5.65476847e-02
3.33129479e+02,5.56291015e-02
3.57078596e+02,5.47585637e-02
3.82749448e+02,5.39321194e-02
4.10265811e+02,5.31460228e-02
4.39760361e+02,5.23967204e-02
4.71375313e+02,5.16808382e-02
5.05263107e+02,5.09951693e-02
5.41587138e+02,5.03366629e-02
5.80522552e+02,4.97024134e-02
6.22257084e+02,4.90896508e-02
6.66991966e+02,4.84957319e-02
7.14942899e+02,4.79181321e-02
7.66341087e+02,4.73544383e-02
8.21434358e+02,4.68023423e-02
8.80488358e+02,4.63055697e-02
9.43787828e+02,4.58747235e-02
1.01163798e+03,4.54686269e-02
1.08436597e+03,4.50897156e-02
1.16232247e+03,4.47412392e-02
1.24588336e+03,4.44419289e-02
1.33545156e+03,4.41729386e-02
1.43145894e+03,4.39222274e-02
1.53436841e+03,4.36894502e-02
1.64467618e+03,4.34740340e-02
1.76291412e+03,4.32752048e-02
1.88965234e+03,4.30920336e-02
2.02550194e+03,4.29234901e-02
2.17111795e+03,4.27684960e-02
2.32720248e+03,4.26259703e-02
2.49450814e+03,4.24946877e-02
2.67384162e+03,4.23586434e-02
2.86606762e+03,4.22076860e-02
3.07211300e+03,4.20414381e-02
3.29297126e+03,4.18594937e-02
3.52970730e+03,4.16614217e-02
3.78346262e+03,4.14467695e-02
4.05546074e+03,4.12150666e-02
4.34701316e+03,4.09658289e-02
4.65952567e+03,4.06985639e-02
4.99450512e+03,4.04127758e-02
5.35356668e+03,4.01079709e-02
5.73844165e+03,3.97836646e-02
6.15098579e+03,3.94393876e-02
6.59318827e+03,3.90746937e-02
7.06718127e+03,3.86891672e-02
7.57525026e+03,3.82824315e-02
8.11984499e+03,3.78541573e-02
8.70359136e+03,3.74040722e-02
9.32930403e+03,3.69319692e-02
1.00000000e+04,3.64377160e-02
