1.00000000e-02,1.98127571e-01
1.07189132e-02,1.98162867e-01
1.14895100e-02,1.98203547e-01
1.23155060e-02,1.98250457e-01
1.32008840e-02,1.98304551e-01
1.41499130e-02,1.98366958e-01
1.51671689e-02,1.98438981e-01
1.62575567e-02,1.98522134e-01
1.74263339e-02,1.98618179e-01
1.86791360e-02,1.98729176e-01
2.00220037e-02,1.98857514e-01
2.14614120e-02,1.99005998e-01
2.30043012e-02,1.99177899e-01
2.46581108e-02,1.99377064e-01
2.64308149e-02,1.99608004e-01
2.83309610e-02,1.99876033e-01
3.03677112e-02,2.00187423e-01
3.25508860e-02,2.00549596e-01
3.48910121e-02,2.00971359e-01
3.73993730e-02,2.01463200e-01
4.00880633e-02,2.02037630e-01
4.29700470e-02,2.02709648e-01
4.60592204e-02,2.03497268e-01
4.93704785e-02,2.04422205e-01
5.29197874e-02,2.05510690e-01
5.67242607e-02,2.06794470e-01
6.08022426e-02,2.08311971e-01
6.51733960e-02,2.10109623e-01
6.98587975e-02,2.12243249e-01
7.48810386e-02,2.14779355e-01
8.02643352e-02,2.17795991e-01
8.60346442e-02,2.21382724e-01
9.22197882e-02,2.25639203e-01
9.88495905e-02,2.30671991e-01
1.05956018e-01,2.36590031e-01
1.13573336e-01,2.43500313e-01
1.21738273e-01,2.51506631e-01
1.30490198e-01,2.60715316e-01
1.39871310e-01,2.71246960e-01
1.49926843e-01,2.82384872e-01
1.60705282e-01,2.93299356e-01
1.72258597e-01,3.03898156e-01
1.84642494e-01,3.14107620e-01
1.97916687e-01,3.23853703e-01
2.12145178e-01,3.33062186e-01
2.27396575e-01,3.41658940e-01
2.43744415e-01,3.49570278e-01
2.61267523e-01,3.56723467e-01
2.80050389e-01,3.63047452e-01
3.00183581e-01,3.68473818e-01
3.21764175e-01,3.72938005e-01
3.44896226e-01,3.76380751e-01
3.69691271e-01,3.78749725e-01
3.96268864e-01,3.80001259e-01
4.24757155e-01,3.81782018e-01
4.55293507e-01,3.89538715e-01
4.88025158e-01,3.98219850e-01
5.23109931e-01,4.06886384e-01
5.60716994e-01,4.15223816e-01
6.01027678e-01,4.22957143e-01
6.44236351e-01,4.29939694e-01
6.90551352e-01,4.36068841e-01
7.40196000e-01,4.41245141e-01
7.93409667e-01,4.45367800e-01
8.50448934e-01,4.48334232e-01
9.11588830e-01,4.50040525e-01
9.77124154e-01,4.50382350e-01
1.04737090e+00,4.49256230e-01
1.12266777e+00,4.46561242e-01
1.20337784e+00,4.42201220e-01
1.28989026e+00,4.36087617e-01
1.38262217e+00,4.28143187e-01
1.48202071e+00,4.18306709e-01
1.58856513e+00,4.06538983e-01
1.70276917e+00,3.92830321e-01
1.82518349e+00,3.89808658e-01
1.95639834e+00,3.98496628e-01
2.09704640e+00,4.07157109e-01
2.24780583e+00,4.15479121e-01
2.40940356e+00,4.23190412e-01
2.58261876e+00,4.30147459e-01
2.76828663e+00,4.36247951e-01
2.96730241e+00,4.41392431e-01
3.18062569e+00,4.45480046e-01
3.40928507e+00,4.48408159e-01
3.65438307e+00,4.50072829e-01
3.91710149e+00,4.50369732e-01
4.19870708e+00,4.49195444e-01
4.50055768e+00,4.46449156e-01
4.82410870e+00,4.42034895e-01
5.17092024e+00,4.35864410e-01
5.54266452e+00,4.27860886e-01
5.94113398e+00,4.17963699e-01
6.36824994e+00,4.06134460e-01
6.82607183e+00,3.92364558e-01
7.31680714e+00,3.76684341e-01
7.84282206e+00,3.59173842e-01
8.40665289e+00,3.39974447e-01
9.01101825e+00,3.19300121e-01
9.65883224e+00,2.97445550e-01
1.03532184e+01,3.20670797e-01
1.10975250e+01,3.27548506e-01
1.18953407e+01,3.14774145e-01
1.27505124e+01,3.02382480e-01
1.36671636e+01,2.90358330e-01
1.46497140e+01,2.78687682e-01
1.57029012e+01,2.67357616e-01
1.68318035e+01,2.56356249e-01
1.80418641e+01,2.45672677e-01
1.93389175e+01,2.35296932e-01
2.07292178e+01,2.25219930e-01
2.22194686e+01,2.15433425e-01
2.38168555e+01,2.05929958e-01
2.55290807e+01,1.96702807e-01
2.73644000e+01,1.87745940e-01
2.93316628e+01,1.79053963e-01
3.14403547e+01,1.70622074e-01
3.37006433e+01,1.62446012e-01
3.61234270e+01,1.54522010e-01
3.87203878e+01,1.46846747e-01
4.15040476e+01,1.39417300e-01
4.44878283e+01,1.32231098e-01
4.76861170e+01,1.25285868e-01
5.11143348e+01,1.18579592e-01
5.47890118e+01,1.12110454e-01
5.87278661e+01,1.05876791e-01
6.29498899e+01,9.98770411e-02
6.74754405e+01,9.41096925e-02
7.23263390e+01,8.85732323e-02
7.75259749e+01,8.32660940e-02
8.30994195e+01,7.81866066e-02
8.90735464e+01,7.33329438e-02
9.54771611e+01,6.87030757e-02
1.02341140e+02,6.42959271e-02
1.09698580e+02,6.01118873e-02
1.17584955e+02,5.61471950e-02
1.26038293e+02,5.23976316e-02
1.35099352e+02,4.88587305e-02
1.44811823e+02,4.55257464e-02
1.55222536e+02,4.23936338e-02
1.66381689e+02,3.94570382e-02
1.78343088e+02,3.67102987e-02
1.91164408e+02,3.41474668e-02
2.04907469e+02,3.17623426e-02
2.19638537e+02,2.95485363e-02
2.35428641e+02,2.74995692e-02
2.52353917e+02,2.56090582e-02
2.70495973e+02,2.38711360e-02
2.89942285e+02,2.22819000e-02
3.10786619e+02,2.08299789e-02
3.33129479e+02,1.95001369e-02
3.57078596e+02,1.82863447e-02
3.82749448e+02,1.71825061e-02
4.10265811e+02,1.61825204e-02
4.39760361e+02,1.52803333e-02
4.71375313e+02,1.44699731e-02
5.05263107e+02,1.37455741e-02
5.41587138e+02,1.31013872e-02
5.80522552e+02,1.25317802e-02
6.22257084e+02,1.20312306e-02
6.66991966e+02,1.15907412e-02
7.14942899e+02,1.11810863e-02
7.66341087e+02,1.07953635e-02
8.21434358e+02,1.04317974e-02
8.80488358e+02,1.00887214e-02
9.43787828e+02,9.76457159e-03
1.01163798e+03,9.45788010e-03
1.08436597e+03,9.16726938e-03
1.16232247e+03,8.89144695e-03
1.24588336e+03,8.62920041e-03
1.33545156e+03,8.37939303e-03
1.43145894e+03,8.14095960e-03
1.53436841e+03,7.91290278e-03
1.64467618e+03,7.69428972e-03
1.76291412e+03,7.48424907e-03
1.88965234e+03,7.28196828e-03
2.02550194e+03,7.08669124e-03
2.17111795e+03,6.90103591e-03
2.32720248e+03,6.74448023e-03
2.49450814e+03,6.59882223e-03
2.67384162e+03,6.46202796e-03
2.86606762e+03,6.33440487e-03
3.07211300e+03,6.21672778e-03
3.29297126e+03,6.11441622e-03
3.52970730e+03,6.02282337e-03
3.78346262e+03,5.93705713e-03
4.05546074e+03,5.85698791e-03
4.34701316e+03,5.78244803e-03
4.65952567e+03,5.71322914e-03
4.99450512e+03,5.64908640e-03
5.35356668e+03,5.58974602e-03
5.73844165e+03,5.53491454e-03
6.15098579e+03,5.48428863e-03
6.59318827e+03,5.43756400e-03
7.06718127e+03,5.39440582e-03
7.57525026e+03,5.35017912e-03
8.11984499e+03,5.30183485e-03
8.70359136e+03,5.24939973e-03
9.32930403e+03,5.19290559e-03
1.00000000e+04,5.13239098e-03
