1.00000000e-02,2.34259344e-01
1.07189132e-02,2.34641187e-01
1.14895100e-02,2.35078151e-01
1.23155060e-02,2.35578039e-01
1.32008840e-02,2.36149695e-01
1.41499130e-02,2.36803124e-01
1.51671689e-02,2.37549611e-01
1.62575567e-02,2.38401838e-01
1.74263339e-02,2.39373998e-01
1.86791360e-02,2.40481906e-01
2.00220037e-02,2.41743092e-01
2.14614120e-02,2.43176889e-01
2.30043012e-02,2.44804516e-01
2.46581108e-02,2.46649165e-01
2.64308149e-02,2.48736132e-01
2.83309610e-02,2.51093010e-01
3.03677112e-02,2.53750022e-01
3.25508860e-02,2.56740521e-01
3.48910121e-02,2.60101737e-01
3.73993730e-02,2.63875794e-01
4.00880633e-02,2.68110988e-01
4.29700470e-02,2.72863307e-01
4.60592204e-02,2.78198157e-01
4.93704785e-02,2.84192591e-01
5.29197874e-02,2.90939805e-01
5.67242607e-02,2.98520284e-01
6.08022426e-02,3.06077132e-01
6.51733960e-02,3.13182544e-01
6.98587975e-02,3.19779426e-01
7.48810386e-02,3.25815880e-01
8.02643352e-02,3.31248393e-01
8.60346442e-02,3.36046013e-01
9.22197882e-02,3.40195879e-01
9.88495905e-02,3.43710667e-01
1.05956018e-01,3.46638897e-01
1.13573336e-01,3.49335634e-01
1.21738273e-01,3.59495922e-01
1.30490198e-01,3.69188168e-01
1.39871310e-01,3.78319081e-01
1.49926843e-01,3.86792991e-01
1.60705282e-01,3.94510809e-01
1.72258597e-01,4.01370162e-01
1.84642494e-01,4.07265835e-01
1.97916687e-01,4.12090403e-01
2.12145178e-01,4.15735030e-01
2.27396575e-01,4.18090487e-01
2.43744415e-01,4.19048423e-01
2.61267523e-01,4.18502971e-01
2.80050389e-01,4.16352784e-01
3.00183581e-01,4.12503619e-01
3.21764175e-01,4.06871636e-01
3.44896226e-01,3.99387584e-01
3.69691271e-01,3.90002087e-01
3.96268864e-01,3.78692229e-01
4.24757155e-01,3.65469572e-01
4.55293507e-01,3.50389582e-01
4.88025158e-01,3.33562055e-01
5.23109931e-01,3.15161546e-01
5.60716994e-01,2.95435813e-01
6.01027678e-01,3.12243271e-01
6.44236351e-01,3.44572628e-01
6.90551352e-01,3.56265748e-01
7.40196000e-01,3.43240094e-01
7.93409667e-01,3.30605892e-01
8.50448934e-01,3.18349683e-01
9.11588830e-01,3.06458724e-01
9.77124154e-01,2.94921007e-01
1.04737090e+00,3.00249739e-01
1.12266777e+00,3.09768961e-01
1.20337784e+00,3.18515174e-01
1.28989026e+00,3.26368658e-01
1.38262217e+00,3.33217745e-01
1.48202071e+00,3.38961938e-01
1.58856513e+00,3.43514812e-01
1.70276917e+00,3.46806546e-01
1.82518349e+00,3.49991398e-01
1.95639834e+00,3.60124830e-01
2.09704640e+00,3.69784291e-01
2.24780583e+00,3.78876454e-01
2.40940356e+00,3.87305439e-01
2.58261876e+00,3.94971940e-01
2.76828663e+00,4.01773388e-01
2.96730241e+00,4.07604410e-01
3.18062569e+00,4.12357462e-01
3.40928507e+00,4.15923654e-01
3.65438307e+00,4.18193770e-01
3.91710149e+00,4.19059566e-01
4.19870708e+00,4.18415395e-01
4.50055768e+00,4.16160276e-01
4.82410870e+00,4.12200520e-01
5.17092024e+00,4.06453076e-01
5.54266452e+00,3.98849783e-01
5.94113398e+00,3.89342732e-01
6.36824994e+00,3.77910937e-01
6.82607183e+00,3.64568448e-01
7.31680714e+00,3.49373857e-01
7.84282206e+00,3.32440763e-01
8.40665289e+00,3.13948142e-01
9.01101825e+00,2.94148578e-01
9.65883224e+00,3.14112795e-01
1.03532184e+01,3.46841517e-01
1.10975250e+01,3.55428640e-01
1.18953407e+01,3.42428199e-01
1.27505124e+01,3.29818336e-01
1.36671636e+01,3.17585638e-01
1.46497140e+01,3.05717406e-01
1.57029012e+01,2.94201682e-01
1.68318035e+01,2.83027274e-01
1.80418641e+01,2.72183768e-01
1.93389175e+01,2.61661534e-01
2.07292178e+01,2.51451718e-01
2.22194686e+01,2.41546228e-01
2.38168555e+01,2.31937707e-01
2.55290807e+01,2.22619511e-01
2.73644000e+01,2.13585673e-01
2.93316628e+01,2.04830869e-01
3.14403547e+01,1.96350387e-01
3.37006433e+01,1.88140085e-01
3.61234270e+01,1.80196356e-01
3.87203878e+01,1.72516089e-01
4.15040476e+01,1.65096633e-01
4.44878283e+01,1.57935751e-01
4.76861170e+01,1.51031586e-01
5.11143348e+01,1.44382618e-01
5.47890118e+01,1.37987619e-01
5.87278661e+01,1.31845612e-01
6.29498899e+01,1.25968280e-01
6.74754405e+01,1.20411039e-01
7.23263390e+01,1.15095573e-01
7.75259749e+01,1.10022218e-01
8.30994195e+01,1.05191241e-01
8.90735464e+01,1.00602773e-01
9.54771611e+01,9.62567395e-02
1.02341140e+02,9.21527866e-02
1.09698580e+02,8.82902006e-02
1.17584955e+02,8.46678200e-02
1.26038293e+02,8.12839417e-02
1.35099352e+02,7.81362192e-02
1.44811823e+02,7.52215566e-02
1.55222536e+02,7.25360014e-02
1.66381689e+02,7.00746416e-02
1.78343088e+02,6.78315153e-02
1.91164408e+02,6.57995432e-02
2.04907469e+02,6.39704942e-02
2.19638537e+02,6.23349961e-02
2.35428641e+02,6.08825974e-02
2.52353917e+02,5.96018869e-02
2.70495973e+02,5.84802887e-02
2.89942285e+02,5.74563420e-02
3.10786619e+02,5.64889178e-02
3.33129479e+02,5.55735977e-02
3.57078596e+02,5.47062022e-02
3.82749448e+02,5.38827747e-02
4.10265811e+02,5.30995669e-02
4.39760361e+02,5.23530240e-02
4.71375313e+02,5.16397725e-02
5.05263107e+02,5.09566068e-02
5.41587138e+02,5.03004781e-02
5.80522552e+02,4.96684838e-02
6.22257084e+02,4.90578573e-02
6.66991966e+02,4.84659592e-02
7.14942899e+02,4.78902690e-02
7.66341087e+02,4.73283778e-02
8.21434358e+02,4.67779818e-02
8.80488358e+02,4.62368767e-02
9.43787828e+02,4.57393158e-02
1.01163798e+03,4.52871460e-02
1.08436597e+03,4.48370700e-02
1.16232247e+03,4.44012998e-02
1.24588336e+03,4.40144877e-02
1.33545156e+03,4.36735429e-02
1.43145894e+03,4.33733703e-02
1.53436841e+03,4.31091726e-02
1.64467618e+03,4.28765348e-02
1.76291412e+03,4.26714689e-02
1.88965234e+03,4.24904254e-02
2.02550194e+03,4.23302813e-02
2.17111795e+03,4.21883122e-02
2.32720248e+03,4.20585037e-02
2.49450814e+03,4.19164929e-02
2.67384162e+03,4.17578990e-02
2.86606762e+03,4.15823760e-02
3.07211300e+03,4.13895491e-02
3.29297126e+03,4.11790195e-02
3.52970730e+03,4.09503687e-02
3.78346262e+03,4.07031627e-02
4.05546074e+03,4.04369580e-02
4.34701316e+03,4.01513072e-02
4.65952567e+03,3.98457649e-02
4.99450512e+03,3.95198948e-02
5.35356668e+03,3.91732769e-02
5.73844165e+03,3.88055153e-02
6.15098579e+03,3.84162464e-02
6.59318827e+03,3.80051470e-02
7.06718127e+03,3.75719443e-02
7.57525026e+03,3.71164240e-02
8.11984499e+03,3.66384403e-02
8.70359136e+03,3.61379248e-02
9.32930403e+03,3.56148963e-02
1.00000000e+04,3.50694689e-02
