Al_99G,Am241_99G,Ar40_99G,B10_99G,B11_99G,Be9_99G,Cr52_99G,F19_99G,Fe56_99G,FG_CNat_99G,FG_H1_99G,graphite_99G,H2O_99G,Mn55_99G,N14_99G,Ni58_99G,Ni60_99G,O16_99G,PolyH1_99G,IM1_Air,IM1_Wood,IM1_Boral,IM1_BHDPE,IM1_HDPE,IM1_AmBe,IM1_Graphite,IM1_Steel,IM1_BF3
3.36596666e-28,9.65582113e-01,4.16515358e-02,2.60642359e-01,1.75743392e-23,5.10260839e-25,1.41346624e-10,1.57904972e-20,2.88595817e-11,5.90924213e-23,2.53460346e-25,2.69954402e-14,1.56165099e-17,5.54350129e-01,4.23679418e-19,1.07779123e-11,3.12159577e-01,2.44094446e-21,1.95218407e-17,5.90924213e-23,2.53460346e-25,3.36596666e-28,1.95218407e-17,1.95218407e-17,9.65582113e-01,2.69954402e-14,1.41346624e-10,2.60642359e-01
1.15953203e-26,3.42562337e-02,1.59561617e-01,3.83969231e-01,1.03713474e-21,3.38680123e-23,1.40412209e-09,7.41933164e-19,3.47082297e-10,3.34466240e-21,1.30893867e-23,1.68775865e-11,6.59014348e-14,3.41081644e-01,1.89873297e-17,1.57513383e-10,3.92993459e-01,1.21840169e-19,7.94746015e-14,3.34466240e-21,1.30893867e-23,1.15953203e-26,7.94746015e-14,7.94746015e-14,3.42562337e-02,1.68775865e-11,1.40412209e-09,3.83969231e-01
4.78846818e-06,1.60952763e-04,3.01719876e-01,2.43064888e-01,3.41569045e-09,1.76732461e-09,1.01261554e-01,2.10910251e-08,8.75293401e-02,4.54243328e-09,5.73152396e-11,3.39986574e-09,9.06236127e-11,9.00804317e-02,8.45503311e-08,7.04552396e-02,2.17097514e-01,1.15839039e-08,1.08303042e-10,4.54243328e-09,5.73152396e-11,4.78846818e-06,1.08303042e-10,1.08303042e-10,1.60952763e-04,3.39986574e-09,1.01261554e-01,2.43064888e-01
3.10716743e-05,6.92666755e-07,2.66151928e-01,8.87843696e-02,2.66715764e-07,1.93136995e-07,2.10683834e-01,6.69355032e-07,1.81064701e-01,3.07092152e-07,3.60684492e-08,2.34225769e-07,3.91786996e-08,1.29129712e-02,2.54328359e-06,1.47778755e-01,6.18089445e-02,4.88527953e-07,4.58540697e-08,3.07092152e-07,3.60684492e-08,3.10716743e-05,4.58540697e-08,4.58540697e-08,6.92666755e-07,2.34225769e-07,2.10683834e-01,8.87843696e-02
5.02471598e-05,7.44741857e-09,1.07023192e-01,1.65861703e-02,3.98760343e-06,3.79402106e-06,1.21835337e-01,4.94696795e-06,1.04970788e-01,4.08242077e-06,3.38304868e-06,3.70998793e-06,2.68976678e-06,1.34836540e-03,1.60445421e-05,8.65291756e-02,1.17429426e-02,4.48847073e-06,2.96993400e-06,4.08242077e-06,3.38304868e-06,5.02471598e-05,2.96993400e-06,2.96993400e-06,7.44741857e-09,3.70998793e-06,1.21835337e-01,1.65861703e-02
2.88124438e-04,2.31087038e-11,3.91445443e-02,4.28722822e-03,6.99662377e-05,7.01820860e-05,5.53542113e-02,7.09458502e-05,4.75614108e-02,6.98232111e-05,7.08003637e-05,7.05347850e-05,6.42669617e-05,1.67269873e-04,1.95596577e-04,3.95003967e-02,2.38185271e-03,6.93019228e-05,7.03544901e-05,6.98232111e-05,7.08003637e-05,2.88124438e-04,7.03544901e-05,7.03544901e-05,2.31087038e-11,7.05347850e-05,5.53542113e-02,4.28722822e-03
2.88261243e-03,8.95823611e-13,3.24138215e-02,1.69445012e-03,8.49735827e-04,8.51477419e-04,6.88414857e-02,8.61657239e-04,6.15439325e-02,8.48193108e-04,8.58519325e-04,8.57689884e-04,8.00221111e-04,4.63673823e-05,2.08446740e-03,5.31210002e-02,1.14919891e-03,8.43473965e-04,8.55925071e-04,8.48193108e-04,8.58519325e-04,2.88261243e-03,8.55925071e-04,8.55925071e-04,8.95823611e-13,8.57689884e-04,6.88414857e-02,1.69445012e-03
1.49532084e-02,6.04464284e-13,2.32876877e-02,6.29869591e-04,5.16472709e-03,5.17284879e-03,8.23916036e-02,5.23000536e-03,7.88175938e-02,5.15711343e-03,5.21013333e-03,5.21147366e-03,4.95068647e-03,1.04185011e-05,1.11774271e-02,7.29201399e-02,4.55281192e-04,5.13331743e-03,5.20014607e-03,5.15711343e-03,5.21013333e-03,1.49532084e-02,5.20014607e-03,5.20014607e-03,6.04464284e-13,5.21147366e-03,8.23916036e-02,6.29869591e-04
4.72189021e-02,6.49706210e-13,1.49822301e-02,2.26472000e-04,1.91478593e-02,1.91725811e-02,9.61050961e-02,1.93591197e-02,1.00488664e-01,1.91248489e-02,1.92788760e-02,1.93128951e-02,1.85864704e-02,2.00014793e-06,3.64807123e-02,1.01633574e-01,1.54001567e-04,1.90524027e-02,1.92545047e-02,1.91248489e-02,1.92788760e-02,4.72189021e-02,1.92545047e-02,1.92545047e-02,6.49706210e-13,1.93128951e-02,9.61050961e-02,2.26472000e-04
5.37531535e-02,3.29732465e-13,5.97054268e-03,5.75924411e-05,2.50201130e-02,2.50472824e-02,6.16745234e-02,2.52588485e-02,6.91551668e-02,2.49955866e-02,2.51549886e-02,2.52254318e-02,2.44802927e-02,2.86757795e-07,4.29747515e-02,7.48535390e-02,3.58813601e-05,2.49157644e-02,2.51435284e-02,2.49955866e-02,2.51549886e-02,5.37531535e-02,2.51435284e-02,2.51435284e-02,3.29732465e-13,2.52254318e-02,6.16745234e-02,5.75924411e-05
5.01615379e-02,1.78142622e-13,2.80173815e-03,2.24957726e-05,2.59589732e-02,2.59842704e-02,3.94233573e-02,2.61769648e-02,4.63258277e-02,2.59361813e-02,2.60801814e-02,2.61640670e-02,2.55206248e-02,6.88673824e-08,4.13691671e-02,5.25998362e-02,1.12723506e-05,2.58650526e-02,2.60807513e-02,2.59361813e-02,2.60801814e-02,5.01615379e-02,2.60807513e-02,2.60807513e-02,1.78142622e-13,2.61640670e-02,3.94233573e-02,2.24957726e-05
4.32856372e-02,1.04606512e-13,1.48476276e-03,1.08536229e-05,2.42839365e-02,2.43056557e-02,2.60519508e-02,2.44661970e-02,3.16650070e-02,2.42654423e-02,2.43869207e-02,2.44694088e-02,2.39506034e-02,2.25088537e-08,3.66087551e-02,3.72405924e-02,4.40013063e-06,2.42063787e-02,2.43945971e-02,2.42654423e-02,2.43869207e-02,4.32856372e-02,2.43945971e-02,2.43945971e-02,1.04606512e-13,2.44694088e-02,2.60519508e-02,1.08536229e-05
4.18006244e-02,7.51532440e-14,9.79884740e-04,6.75301253e-06,2.50581499e-02,2.50781400e-02,2.04567999e-02,2.52270238e-02,2.55386457e-02,2.50407696e-02,2.51489189e-02,2.52414906e-02,2.47663319e-02,1.02386497e-08,3.61130876e-02,3.08911294e-02,2.27111850e-06,2.49856822e-02,2.51651083e-02,2.50407696e-02,2.51489189e-02,4.18006244e-02,2.51651083e-02,2.51651083e-02,7.51532440e-14,2.52414906e-02,2.04567999e-02,6.75301253e-06
3.95705587e-02,5.55059646e-14,6.68578359e-04,4.40749207e-06,2.51625904e-02,2.51800722e-02,1.62396937e-02,2.53141689e-02,2.07540816e-02,2.51459048e-02,2.52492107e-02,2.53368188e-02,2.49221213e-02,5.11468265e-09,3.48482369e-02,2.57290144e-02,1.24826752e-06,2.50954511e-02,2.52646292e-02,2.51459048e-02,2.52492107e-02,3.95705587e-02,2.52646292e-02,2.52646292e-02,5.55059646e-14,2.53368188e-02,1.62396937e-02,4.40749207e-06
3.71641043e-02,4.21523533e-14,4.72073368e-04,3.00636228e-06,2.49151249e-02,2.49311993e-02,1.31014962e-02,2.50513600e-02,1.70927288e-02,2.49004475e-02,2.49931218e-02,2.50817006e-02,2.47167901e-02,2.79057223e-09,3.33021525e-02,2.16553775e-02,7.27921724e-07,2.48544311e-02,2.50115707e-02,2.49004475e-02,2.49931218e-02,3.71641043e-02,2.50115707e-02,2.50115707e-02,4.21523533e-14,2.50817006e-02,1.31014962e-02,3.00636228e-06
3.55284299e-02,3.34326177e-14,3.49898988e-04,2.16682173e-06,2.50001127e-02,2.50151998e-02,1.09480355e-02,2.51231113e-02,1.45514343e-02,2.49868342e-02,2.50801066e-02,2.51631462e-02,2.48389450e-02,1.67180531e-09,3.23502807e-02,1.88001186e-02,4.54093807e-07,2.49435212e-02,2.50932940e-02,2.49868342e-02,2.50801066e-02,3.55284299e-02,2.50932940e-02,2.50932940e-02,3.34326177e-14,2.51631462e-02,1.09480355e-02,2.16682173e-06
3.45940234e-02,2.74791661e-14,2.69498134e-04,1.62992432e-06,2.54770940e-02,2.54901452e-02,9.42491468e-03,2.55910899e-02,1.27463469e-02,2.54655987e-02,2.55357069e-02,2.56347038e-02,2.53361310e-02,1.07907109e-09,3.19797794e-02,1.67704267e-02,2.98051081e-07,2.54247407e-02,2.55635768e-02,2.54655987e-02,2.55357069e-02,3.45940234e-02,2.55635768e-02,2.55635768e-02,2.74791661e-14,2.56347038e-02,9.42491468e-03,1.62992432e-06
3.20846335e-02,2.18612973e-14,2.01481783e-04,1.19448174e-06,2.46599041e-02,2.46726739e-02,7.81110542e-03,2.47598704e-02,1.07350644e-02,2.46502934e-02,2.47138190e-02,2.48074941e-02,2.45546255e-02,6.99874973e-10,3.00860638e-02,1.43646548e-02,1.92186265e-07,2.46149412e-02,2.47390554e-02,2.46502934e-02,2.47138190e-02,3.20846335e-02,2.47390554e-02,2.47390554e-02,2.18612973e-14,2.48074941e-02,7.81110542e-03,1.19448174e-06
3.17111756e-02,1.87653252e-14,1.62900665e-04,9.49445178e-07,2.53850475e-02,2.53975829e-02,6.95530723e-03,2.54753013e-02,9.70449596e-03,2.53750627e-02,2.54466097e-02,2.55292991e-02,2.53116516e-02,5.06460496e-10,3.01443411e-02,1.31930698e-02,1.35369318e-07,2.53417865e-02,2.54617301e-02,2.53750627e-02,2.54466097e-02,3.17111756e-02,2.54617301e-02,2.54617301e-02,1.87653252e-14,2.55292991e-02,6.95530723e-03,9.49445178e-07
3.00373678e-02,1.55767802e-14,1.27461286e-04,7.31910360e-07,2.50084773e-02,2.50180284e-02,5.96866051e-03,2.50874726e-02,8.44927610e-03,2.49991807e-02,2.50527668e-02,2.51430119e-02,2.49544811e-02,3.64198619e-10,2.89323168e-02,1.16621668e-02,9.28885454e-08,2.49708591e-02,2.50756230e-02,2.49991807e-02,2.50527668e-02,3.00373678e-02,2.50756230e-02,2.50756230e-02,1.55767802e-14,2.51430119e-02,5.96866051e-03,7.31910360e-07
2.89963456e-02,1.32983371e-14,1.02712380e-04,5.82306931e-07,2.50718632e-02,2.50799754e-02,5.25029430e-03,2.51410124e-02,7.53548117e-03,2.50629608e-02,2.51159736e-02,2.52052497e-02,2.50423444e-02,2.76584540e-10,2.82879297e-02,1.05517834e-02,6.61486336e-08,2.50383485e-02,2.51337416e-02,2.50629608e-02,2.51159736e-02,2.89963456e-02,2.51337416e-02,2.51337416e-02,1.32983371e-14,2.52052497e-02,5.25029430e-03,5.82306931e-07
2.77011570e-02,1.13200290e-14,8.25773251e-05,4.63009670e-07,2.48436440e-02,2.48500475e-02,4.59119619e-03,2.49033886e-02,6.67740525e-03,2.48358730e-02,2.48740084e-02,2.49629122e-02,2.48330295e-02,2.14137477e-10,2.73601059e-02,9.48061175e-03,4.72899326e-08,2.48155104e-02,2.48980749e-02,2.48358730e-02,2.48740084e-02,2.77011570e-02,2.48980749e-02,2.48980749e-02,1.13200290e-14,2.49629122e-02,4.59119619e-03,4.63009670e-07
2.72382860e-02,9.97279543e-15,6.87087211e-05,3.81585458e-07,2.53278751e-02,2.53363612e-02,4.14504161e-03,2.53762663e-02,6.10679790e-03,2.53202443e-02,2.53742602e-02,2.54477527e-02,2.53488901e-02,1.74824474e-10,2.72354340e-02,8.78806849e-03,3.51588999e-08,2.53014337e-02,2.53814324e-02,2.53202443e-02,2.53742602e-02,2.72382860e-02,2.53814324e-02,2.53814324e-02,9.97279543e-15,2.54477527e-02,4.14504161e-03,3.81585458e-07
2.55557529e-02,8.43063479e-15,5.48668565e-05,3.02262737e-07,2.46176681e-02,2.46269182e-02,3.58230781e-03,2.46541675e-02,5.34419178e-03,2.46115732e-02,2.46729707e-02,2.47259143e-02,2.46635291e-02,1.39217890e-10,2.58622744e-02,7.79163678e-03,2.52157289e-08,2.45946886e-02,2.46674795e-02,2.46115732e-02,2.46729707e-02,2.55557529e-02,2.46674795e-02,2.46674795e-02,8.43063479e-15,2.47259143e-02,3.58230781e-03,3.02262737e-07
2.47858007e-02,7.40923046e-15,4.55753696e-05,2.49403531e-07,2.47042299e-02,2.47102096e-02,3.21113786e-03,2.47369529e-02,4.84862394e-03,2.47004999e-02,2.47192875e-02,2.48048728e-02,2.47438831e-02,1.16905557e-10,2.53756369e-02,7.15848214e-03,1.89219228e-08,2.46899392e-02,2.47438965e-02,2.47004999e-02,2.47192875e-02,2.47858007e-02,2.47438965e-02,2.47438965e-02,7.40923046e-15,2.48048728e-02,3.21113786e-03,2.49403531e-07
2.49938987e-02,6.78174062e-15,3.93551801e-05,2.14159195e-07,2.57957656e-02,2.58009568e-02,2.99305995e-03,2.58206313e-02,4.57448043e-03,2.57931018e-02,2.58062904e-02,2.58960888e-02,2.58482838e-02,1.03294479e-10,2.58952167e-02,6.83987377e-03,1.47907928e-08,2.57846403e-02,2.58326464e-02,2.57931018e-02,2.58062904e-02,2.49938987e-02,2.58326464e-02,2.58326464e-02,6.78174062e-15,2.58960888e-02,2.99305995e-03,2.14159195e-07
2.29273164e-02,5.66879934e-15,3.10128519e-05,1.68023261e-07,2.44945313e-02,2.44982093e-02,2.54243051e-03,2.45094175e-02,3.93242560e-03,2.44936972e-02,2.44956270e-02,2.45817283e-02,2.45556087e-02,8.41321212e-11,2.40372511e-02,5.95349484e-03,1.05970511e-08,2.44863225e-02,2.45240311e-02,2.44936972e-02,2.44956270e-02,2.29273164e-02,2.45240311e-02,2.45240311e-02,5.66879934e-15,2.45817283e-02,2.54243051e-03,1.68023261e-07
2.07967121e-02,4.72259750e-15,2.44200696e-05,1.31908884e-07,2.29555824e-02,2.29579610e-02,2.14712191e-03,2.29602560e-02,3.35826789e-03,2.29553078e-02,2.29582791e-02,2.30345397e-02,2.30267258e-02,6.88918198e-11,2.20495659e-02,5.14391568e-03,7.65807461e-09,2.29499807e-02,2.29785878e-02,2.29553078e-02,2.29582791e-02,2.07967121e-02,2.29785878e-02,2.29785878e-02,4.72259750e-15,2.30345397e-02,2.14712191e-03,1.31908884e-07
2.15551722e-03,4.68060820e-16,2.34578174e-06,1.26567360e-08,2.42084991e-03,2.42091435e-03,2.14202886e-04,2.42115932e-03,3.37053766e-04,2.42090660e-03,2.41930551e-03,2.42857987e-03,2.42882470e-03,6.77853617e-12,2.29895192e-03,5.19544534e-04,7.02861860e-10,2.42075590e-03,2.42268235e-03,2.42090660e-03,2.41930551e-03,2.15551722e-03,2.42268235e-03,2.42268235e-03,4.68060820e-16,2.42857987e-03,2.14202886e-04,1.26567360e-08
2.18076141e-02,4.51784900e-15,2.19226154e-05,1.18170280e-07,2.49605747e-02,2.49611854e-02,2.08167232e-03,2.49559643e-02,3.29625218e-03,2.49608691e-02,2.49558891e-02,2.50222618e-02,2.50504417e-02,6.50957474e-11,2.34113085e-02,5.11425746e-03,6.28084667e-09,2.49603209e-02,2.49767366e-02,2.49608691e-02,2.49558891e-02,2.18076141e-02,2.49767366e-02,2.49767366e-02,4.51784900e-15,2.50222618e-02,2.08167232e-03,1.18170280e-07
2.05994713e-02,3.92591337e-15,1.79202393e-05,9.65107510e-08,2.43964573e-02,2.43948289e-02,1.82825877e-03,2.43830895e-02,2.92854318e-03,2.43977944e-02,2.43833227e-02,2.44434091e-02,2.44955984e-02,5.61823993e-11,2.23754671e-02,4.59851127e-03,4.73943242e-09,2.43997181e-02,2.44053683e-02,2.43977944e-02,2.43833227e-02,2.05994713e-02,2.44053683e-02,2.44053683e-02,3.92591337e-15,2.44434091e-02,1.82825877e-03,9.65107510e-08
2.04128250e-02,3.58509316e-15,1.53717503e-05,8.28021241e-08,2.50261559e-02,2.50238651e-02,1.68485967e-03,2.50028873e-02,2.73014917e-03,2.50283397e-02,2.50154692e-02,2.50678454e-02,2.51419124e-02,5.11642021e-11,2.24386871e-02,4.33892340e-03,3.77180928e-09,2.50321623e-02,2.50310610e-02,2.50283397e-02,2.50154692e-02,2.04128250e-02,2.50310610e-02,2.50310610e-02,3.58509316e-15,2.50678454e-02,1.68485967e-03,8.28021241e-08
2.01505575e-02,3.26017164e-15,1.30871080e-05,7.05910519e-08,2.56044959e-02,2.56000012e-02,1.54403972e-03,2.55720761e-02,2.53185019e-03,2.56074880e-02,2.55821290e-02,2.56401743e-02,2.57336033e-02,4.65528266e-11,2.24251602e-02,4.07388440e-03,2.99085590e-09,2.56162295e-02,2.56008989e-02,2.56074880e-02,2.55821290e-02,2.01505575e-02,2.56008989e-02,2.56008989e-02,3.26017164e-15,2.56401743e-02,1.54403972e-03,7.05910519e-08
1.87756376e-02,2.80329276e-15,1.05164979e-05,5.68708357e-08,2.47377555e-02,2.47324239e-02,1.33565266e-03,2.46977305e-02,2.21644526e-03,2.47421090e-02,2.47114813e-02,2.47641231e-02,2.48742384e-02,4.01600048e-11,2.11578502e-02,3.61093368e-03,2.25338145e-09,2.47535214e-02,2.47273887e-02,2.47421090e-02,2.47114813e-02,1.87756376e-02,2.47273887e-02,2.47273887e-02,2.80329276e-15,2.47641231e-02,1.33565266e-03,5.68708357e-08
1.83966185e-02,2.53918686e-15,8.88725085e-06,4.82477966e-08,2.51482507e-02,2.51426845e-02,1.21499966e-03,2.50955642e-02,2.04055112e-03,2.51533182e-02,2.51284128e-02,2.51664802e-02,2.52974748e-02,3.65762359e-11,2.09970855e-02,3.36594814e-03,1.79945983e-09,2.51671178e-02,2.51325698e-02,2.51533182e-02,2.51284128e-02,1.83966185e-02,2.51325698e-02,2.51325698e-02,2.53918686e-15,2.51664802e-02,1.21499966e-03,4.82477966e-08
1.55157732e-02,1.98956802e-15,6.50434688e-06,3.54925877e-08,2.19742890e-02,2.19675428e-02,9.54355176e-04,2.19230284e-02,1.62138576e-03,2.19799805e-02,2.19421623e-02,2.19817574e-02,2.21133142e-02,2.88587751e-11,1.79273510e-02,2.70670979e-03,1.25716109e-09,2.19962907e-02,2.19507235e-02,2.19799805e-02,2.19421623e-02,1.55157732e-02,2.19507235e-02,2.19507235e-02,1.98956802e-15,2.19817574e-02,9.54355176e-04,3.54925877e-08
2.42527841e-03,2.98851977e-16,9.40017192e-07,5.14794563e-09,3.50316441e-03,3.50215017e-03,1.43431373e-04,3.49417887e-03,2.45238387e-04,3.50415901e-03,3.49869125e-03,3.50081250e-03,3.52624077e-03,4.35370866e-12,2.82159753e-03,4.12116225e-04,1.77652548e-10,3.50680522e-03,3.49882676e-03,3.50415901e-03,3.49869125e-03,2.42527841e-03,3.49882676e-03,3.49882676e-03,2.98851977e-16,3.50081250e-03,1.43431373e-04,5.14794563e-09
1.64550070e-02,1.94246862e-15,5.86094136e-06,3.22229985e-08,2.42926623e-02,2.42843799e-02,9.32524952e-04,2.42248716e-02,1.60546668e-03,2.42994710e-02,2.42553519e-02,2.42675048e-02,2.44548511e-02,2.84450260e-11,1.92893687e-02,2.71740905e-03,1.08587972e-09,2.43201598e-02,2.42586003e-02,2.42994710e-02,2.42553519e-02,1.64550070e-02,2.42586003e-02,2.42586003e-02,1.94246862e-15,2.42675048e-02,9.32524952e-04,3.22229985e-08
1.59106286e-02,1.74158526e-15,4.86441846e-06,2.69768004e-08,2.44320394e-02,2.44231083e-02,8.35042052e-04,2.43536487e-02,1.45568773e-03,2.44396034e-02,2.43911296e-02,2.43983493e-02,2.46026731e-02,2.57583865e-11,1.89092502e-02,2.49618545e-03,8.75791983e-10,2.44642003e-02,2.43901366e-02,2.44396034e-02,2.43911296e-02,1.59106286e-02,2.43901366e-02,2.43901366e-02,1.74158526e-15,2.43983493e-02,8.35042052e-04,2.69768004e-08
1.61741967e-02,1.63742016e-15,4.20437923e-06,2.35731232e-08,2.59100210e-02,2.58992825e-02,7.82316047e-04,2.58172412e-02,1.38209288e-03,2.59196864e-02,2.58562887e-02,2.58656972e-02,2.60992832e-02,2.44928138e-11,1.95081231e-02,2.40313384e-03,7.43580850e-10,2.59509484e-02,2.58556889e-02,2.59196864e-02,2.58562887e-02,1.61741967e-02,2.58556889e-02,2.58556889e-02,1.63742016e-15,2.58656972e-02,7.82316047e-04,2.35731232e-08
1.45657615e-02,1.36285814e-15,3.19946538e-06,1.81815427e-08,2.43975643e-02,2.43868126e-02,6.47223727e-04,2.42987305e-02,1.15948473e-03,2.44082425e-02,2.43464119e-02,2.43535701e-02,2.45808866e-02,2.06394062e-11,1.78453823e-02,2.04541389e-03,5.63282551e-10,2.44400187e-02,2.43373199e-02,2.44082425e-02,2.43464119e-02,1.45657615e-02,2.43373199e-02,2.43373199e-02,1.36285814e-15,2.43535701e-02,6.47223727e-04,1.81815427e-08
1.45875895e-02,1.26060493e-15,2.69093810e-06,1.55397265e-08,2.56049504e-02,2.55901057e-02,5.93529530e-04,2.54911160e-02,1.07883469e-03,2.56164733e-02,2.55332956e-02,2.55557738e-02,2.58037073e-02,1.93462753e-11,1.81676166e-02,1.93207942e-03,4.78879803e-10,2.56556744e-02,2.55273116e-02,2.56164733e-02,2.55332956e-02,1.45875895e-02,2.55273116e-02,2.55273116e-02,1.26060493e-15,2.55557738e-02,5.93529530e-04,1.55397265e-08
1.28892046e-03,1.06452442e-16,2.14485625e-07,1.25224413e-09,2.32557831e-03,2.32418909e-03,4.97947949e-05,2.31459301e-03,9.12895609e-05,2.32670154e-03,2.31871422e-03,2.32103253e-03,2.34382430e-03,1.64649096e-12,1.62092292e-03,1.64955610e-04,3.86747772e-11,2.33040674e-03,2.31804974e-03,2.32670154e-03,2.31871422e-03,1.28892046e-03,2.31804974e-03,2.31804974e-03,1.06452442e-16,2.32103253e-03,4.97947949e-05,1.25224413e-09
1.23575323e-02,9.79117310e-16,1.87256206e-06,1.10438392e-08,2.28838434e-02,2.28694206e-02,4.55185397e-04,2.27697750e-02,8.41090244e-04,2.28959383e-02,2.28133013e-02,2.27792815e-02,2.30645547e-02,1.52577710e-11,1.56832149e-02,1.53222130e-03,3.43475816e-10,2.29360495e-02,2.28047940e-02,2.28959383e-02,2.28133013e-02,1.23575323e-02,2.28047940e-02,2.28047940e-02,9.79117310e-16,2.27792815e-02,4.55185397e-04,1.10438392e-08
1.26227491e-02,9.22886830e-16,1.58591647e-06,9.56947862e-09,2.46241606e-02,2.46076006e-02,4.22760936e-04,2.44875052e-02,7.93584372e-04,2.46387949e-02,2.45458837e-02,2.45005311e-02,2.48174515e-02,1.45939939e-11,1.63169390e-02,1.46954343e-03,3.04569106e-10,2.46859315e-02,2.45334102e-02,2.46387949e-02,2.45458837e-02,1.26227491e-02,2.45334102e-02,2.45334102e-02,9.22886830e-16,2.45005311e-02,4.22760936e-04,9.56947862e-09
1.21238399e-02,8.11649429e-16,1.23207796e-06,7.65746228e-09,2.51098093e-02,2.50909332e-02,3.64496464e-04,2.49556941e-02,6.96621958e-04,2.51264990e-02,2.50212591e-02,2.49692698e-02,2.53047771e-02,1.30484373e-11,1.60078576e-02,1.31429635e-03,2.53827791e-10,2.51793705e-02,2.50077544e-02,2.51264990e-02,2.50212591e-02,1.21238399e-02,2.50077544e-02,2.50077544e-02,8.11649429e-16,2.49692698e-02,3.64496464e-04,7.65746228e-09
7.89878046e-04,5.03192686e-17,7.08514115e-08,4.49249862e-10,1.69403078e-03,1.69270882e-03,2.22895784e-05,1.68309818e-03,4.30550869e-05,1.69524924e-03,1.68748786e-03,1.68307715e-03,1.70716216e-03,8.16623872e-13,1.05598329e-03,8.21287255e-05,1.53363221e-11,1.69904028e-03,1.68656919e-03,1.69524924e-03,1.68748786e-03,7.89878046e-04,1.68656919e-03,1.68656919e-03,5.03192686e-17,1.68307715e-03,2.22895784e-05,4.49249862e-10
1.00132995e-02,6.08829239e-16,8.00505448e-07,5.17101895e-09,2.22137070e-02,2.21949713e-02,2.66303689e-04,2.20635773e-02,5.19482061e-04,2.22302753e-02,2.21203304e-02,2.19568527e-02,2.23851441e-02,9.97115865e-12,1.35483185e-02,1.00113527e-03,1.82230559e-10,2.22833124e-02,2.21070560e-02,2.22302753e-02,2.21203304e-02,1.00132995e-02,2.21070560e-02,2.21070560e-02,6.08829239e-16,2.19568527e-02,2.66303689e-04,5.17101895e-09
2.84118276e-04,1.64956372e-17,2.01475011e-08,1.33036342e-10,6.52245724e-04,6.51690669e-04,7.10748924e-06,6.47639777e-04,1.40072460e-05,6.52762348e-04,6.49408459e-04,6.44535643e-04,6.57226080e-04,2.72603256e-13,3.89177541e-04,2.72832539e-05,4.85538182e-12,6.54411652e-04,6.48950761e-04,6.52762348e-04,6.49408459e-04,2.84118276e-04,6.48950761e-04,6.48950761e-04,1.64956372e-17,6.44535643e-04,7.10748924e-06,1.33036342e-10
1.04743530e-02,5.75136748e-16,6.44940565e-07,4.36849732e-09,2.50962452e-02,2.50727540e-02,2.43555313e-04,2.49080132e-02,4.85888326e-04,2.51168836e-02,2.49782519e-02,2.47012851e-02,2.52812300e-02,9.60699069e-12,1.45670564e-02,9.58527677e-04,1.66968011e-10,2.51842138e-02,2.49587419e-02,2.51168836e-02,2.49782519e-02,1.04743530e-02,2.49587419e-02,2.49587419e-02,5.75136748e-16,2.47012851e-02,2.43555313e-04,4.36849732e-09
9.28065257e-03,4.52014223e-16,4.16126755e-07,3.01121013e-09,2.44719754e-02,2.44446508e-02,1.83154547e-04,2.42654238e-02,3.75636503e-04,2.44949676e-02,2.43373486e-02,2.40412320e-02,2.46375677e-02,7.72150602e-12,1.33571903e-02,7.62609217e-04,1.28614478e-10,2.45691375e-02,2.43115753e-02,2.44949676e-02,2.43373486e-02,9.28065257e-03,2.43115753e-02,2.43115753e-02,4.52014223e-16,2.40412320e-02,1.83154547e-04,3.01121013e-09
1.50506519e-03,6.76206144e-17,5.38930496e-08,4.12438180e-10,4.24598149e-03,4.24091407e-03,2.64407905e-05,4.20740828e-03,5.53017693e-05,4.25034955e-03,4.22054081e-03,4.16636149e-03,4.27230355e-03,1.17224615e-12,2.21987906e-03,1.14586152e-04,1.91050492e-11,4.26425599e-03,4.21418241e-03,4.25034955e-03,4.22054081e-03,1.50506519e-03,4.21418241e-03,4.21418241e-03,6.76206144e-17,4.16636149e-03,2.64407905e-05,4.12438180e-10
3.99292181e-03,1.69875124e-16,1.23798354e-07,9.83922941e-10,1.17925543e-02,1.17777246e-02,6.49595147e-05,1.16806469e-02,1.37590884e-04,1.18052217e-02,1.17186032e-02,1.15302457e-02,1.18617086e-02,2.97598256e-12,5.98781892e-03,2.88903842e-04,4.79941123e-11,1.18463417e-02,1.16959456e-02,1.18052217e-02,1.17186032e-02,3.99292181e-03,1.16959456e-02,1.16959456e-02,1.69875124e-16,1.15302457e-02,6.49595147e-05,9.83922941e-10
2.76470635e-03,1.08452093e-16,6.89990004e-08,5.84219881e-10,8.74889992e-03,8.73710175e-03,4.00277344e-05,8.66112552e-03,8.64094351e-05,8.75900344e-03,8.69125706e-03,8.51440033e-03,8.79536943e-03,1.92904683e-12,4.25251889e-03,1.85143441e-04,3.07114386e-11,8.79267786e-03,8.66661901e-03,8.75900344e-03,8.69125706e-03,2.76470635e-03,8.66661901e-03,8.66661901e-03,1.08452093e-16,8.51440033e-03,4.00277344e-05,5.84219881e-10
2.42524138e-03,8.72414260e-17,4.84153391e-08,4.40668333e-10,8.25531675e-03,8.24316351e-03,3.10776776e-05,8.16768285e-03,6.84268317e-05,8.26568953e-03,8.19854361e-03,8.01422585e-03,8.29344832e-03,1.57666029e-12,3.83275424e-03,1.49736744e-04,2.48524022e-11,8.30036454e-03,8.16515338e-03,8.26568953e-03,8.19854361e-03,2.42524138e-03,8.16515338e-03,8.16515338e-03,8.72414260e-17,8.01422585e-03,3.10776776e-05,4.40668333e-10
3.56322171e-03,1.04991226e-16,4.59064438e-08,4.87375271e-10,1.41130053e-02,1.40885793e-02,3.60386847e-05,1.39453598e-02,8.26701780e-05,1.41342236e-02,1.40173421e-02,1.35648076e-02,1.41636823e-02,1.94715740e-12,5.95312504e-03,1.88810184e-04,3.04215289e-11,1.42041215e-02,1.38950763e-02,1.41342236e-02,1.40173421e-02,3.56322171e-03,1.38950763e-02,1.38950763e-02,1.04991226e-16,1.35648076e-02,3.60386847e-05,4.87375271e-10
4.65554003e-04,8.48774801e-18,2.84737062e-09,4.32168302e-11,2.38618645e-03,2.38234492e-03,3.14066873e-06,2.35030392e-03,7.72910964e-06,2.39006672e-03,2.38159063e-03,2.24435059e-03,2.39223344e-03,2.32874263e-14,8.64820622e-04,1.89943896e-05,8.34343465e-13,2.40348376e-03,2.33350736e-03,2.39006672e-03,2.38159063e-03,4.65554003e-04,2.33350736e-03,2.33350736e-03,8.48774801e-18,2.24435059e-03,3.14066873e-06,4.32168302e-11