Al_99G,Am241_99G,Ar40_99G,B10_99G,B11_99G,Be9_99G,Cr52_99G,F19_99G,Fe56_99G,FG_CNat_99G,FG_H1_99G,graphite_99G,H2O_99G,Mn55_99G,N14_99G,Ni58_99G,Ni60_99G,O16_99G,PolyH1_99G,IM1_Air,IM1_Wood,IM1_Boral,IM1_BHDPE,IM1_HDPE,IM1_AmBe,IM1_Graphite,IM1_Steel,IM1_BF3
0.00000000e+00,9.97723164e-01,6.55038952e-02,9.92864143e-01,0.00000000e+00,0.00000000e+00,0.00000000e+00,0.00000000e+00,0.00000000e+00,0.00000000e+00,0.00000000e+00,2.70181464e-14,1.63153496e-17,6.86306973e-01,0.00000000e+00,0.00000000e+00,3.87114594e-01,0.00000000e+00,1.99891110e-17,0.00000000e+00,0.00000000e+00,0.00000000e+00,1.99966182e-17,1.99968649e-17,9.97723164e-01,2.70181554e-14,0.00000000e+00,9.92864143e-01
0.00000000e+00,2.27614788e-03,2.12547005e-01,7.11396982e-03,0.00000000e+00,0.00000000e+00,0.00000000e+00,0.00000000e+00,0.00000000e+00,0.00000000e+00,0.00000000e+00,1.68890683e-11,6.84413008e-14,2.65462366e-01,0.00000000e+00,0.00000000e+00,3.92198671e-01,0.00000000e+00,8.11500975e-14,0.00000000e+00,0.00000000e+00,0.00000000e+00,8.11500432e-14,8.11498667e-14,2.27614788e-03,1.68890682e-11,0.00000000e+00,7.11396982e-03
1.84604617e-02,6.87694182e-07,3.32060362e-01,2.18484725e-05,3.46197587e-09,1.79658565e-09,1.49777115e-01,2.21277792e-08,1.33236333e-01,4.58955498e-09,6.01276421e-11,3.40160429e-09,9.35240954e-11,4.39920108e-02,2.76658515e-06,1.14964890e-01,1.73553945e-01,1.15930246e-08,1.10199188e-10,4.58955498e-09,6.01276422e-11,1.84604617e-02,1.10199187e-10,1.10199189e-10,6.87694182e-07,3.40160429e-09,1.49777115e-01,2.18484725e-05
7.69200451e-02,1.90296011e-10,2.43860613e-01,3.86715197e-08,2.69618791e-07,1.95717386e-07,2.86093796e-01,6.95281436e-07,2.56663985e-01,3.09646078e-07,3.73865111e-08,2.34304711e-07,4.01678037e-08,3.95495032e-03,3.55007211e-05,2.26501495e-01,3.95670000e-02,4.88834373e-07,4.64867258e-08,3.09646078e-07,3.73865111e-08,7.69200451e-02,4.64867258e-08,4.64867258e-08,1.90296011e-10,2.34304711e-07,2.86093796e-01,3.86715197e-08
5.61708755e-02,1.31567467e-13,8.27469452e-02,3.50662107e-11,4.01992272e-06,3.83195486e-06,1.52112188e-01,5.08633359e-06,1.38730523e-01,4.10765615e-06,3.46535822e-06,3.71056631e-06,2.74041250e-06,2.59391135e-04,8.03590504e-05,1.24677099e-01,6.04086837e-03,4.49054533e-06,3.00066386e-06,4.10765615e-06,3.46535822e-06,5.61708755e-02,3.00066386e-06,3.00066386e-06,1.31567467e-13,3.71056631e-06,1.52112188e-01,3.50662107e-11
3.22707681e-02,2.93042783e-17,2.54122661e-02,3.15867648e-12,7.04273525e-05,7.07623778e-05,6.26839701e-02,7.25058043e-05,5.78518406e-02,7.01718687e-05,7.24304470e-05,7.05396956e-05,6.53290043e-05,2.01844386e-05,5.55708506e-04,5.28134691e-02,9.82141669e-04,6.93273254e-05,7.10143405e-05,7.01718687e-05,7.24304470e-05,3.22707681e-02,7.10143405e-05,7.10143405e-05,2.93042770e-17,7.05396956e-05,6.26839701e-02,3.15867648e-12
4.53383869e-02,3.79597408e-18,1.76348767e-02,3.10788020e-13,8.54539521e-04,8.57524215e-04,6.97166525e-02,8.77912258e-04,6.77718142e-02,8.51826145e-04,8.76221422e-04,8.57697362e-04,8.12165921e-04,3.53770552e-06,4.96097793e-03,6.45706119e-02,3.79809741e-04,8.43739345e-04,8.63050593e-04,8.51826145e-04,8.76221422e-04,4.53383869e-02,8.63050593e-04,8.63050593e-04,3.79597133e-18,8.57697362e-04,6.97166525e-02,3.10788020e-13
6.93855954e-02,9.67768494e-18,1.06120458e-02,1.95544281e-14,5.18900807e-03,5.20343753e-03,7.30927318e-02,5.31216158e-03,7.65595427e-02,5.17548190e-03,5.30420638e-03,5.21122874e-03,5.01634525e-03,5.11339403e-07,2.27090230e-02,7.78898847e-02,1.20843687e-04,5.13466217e-03,5.23982203e-03,5.17548190e-03,5.30420638e-03,6.93855954e-02,5.23982203e-03,5.23982203e-03,9.67685691e-18,5.21122874e-03,7.30927318e-02,1.95544281e-14
1.06035162e-01,1.02044795e-17,5.70656114e-03,1.24995361e-15,1.92193931e-02,1.92629561e-02,7.31815988e-02,1.96001483e-02,8.41214988e-02,1.91789340e-02,1.95751708e-02,1.93107239e-02,1.87980931e-02,6.55752687e-08,6.29819100e-02,9.28847171e-02,3.29214010e-05,1.90563625e-02,1.93861860e-02,1.91789340e-02,1.95751708e-02,1.06035162e-01,1.93861860e-02,1.93861860e-02,1.02044956e-17,1.93107239e-02,7.31815988e-02,1.24995357e-15
8.02719889e-02,4.53113398e-18,1.91730453e-03,1.01742586e-16,2.50921880e-02,2.51386192e-02,4.06868045e-02,2.54999953e-02,5.04706766e-02,2.50500390e-02,2.54722088e-02,2.52200257e-02,2.47110366e-02,6.79659105e-09,6.38171165e-02,5.94815205e-02,6.23254184e-06,2.49197455e-02,2.52743354e-02,2.50500390e-02,2.54722088e-02,8.02719889e-02,2.52743354e-02,2.52743354e-02,4.53111457e-18,2.52200257e-02,4.06868045e-02,1.01742558e-16
5.88467228e-02,2.31594772e-18,7.99234213e-04,2.81927452e-17,2.60193703e-02,2.60611454e-02,2.32646237e-02,2.63762510e-02,3.03538552e-02,2.59817337e-02,2.63608130e-02,2.61570578e-02,2.57244667e-02,1.47635868e-09,5.56078504e-02,3.74522161e-02,1.70500957e-06,2.58683657e-02,2.61846218e-02,2.59817337e-02,2.63608130e-02,5.88467228e-02,2.61846218e-02,2.61846218e-02,2.31595250e-18,2.61570578e-02,2.32646237e-02,2.81927474e-17
4.33512969e-02,1.31819293e-18,3.88430835e-04,1.22987344e-17,2.43312835e-02,2.43661625e-02,1.41294872e-02,2.46202898e-02,1.91152374e-02,2.43010956e-02,2.46169194e-02,2.44623419e-02,2.41148022e-02,4.94067553e-10,4.59732959e-02,2.43974509e-02,6.01511099e-07,2.42089577e-02,2.44714087e-02,2.43010956e-02,2.46169194e-02,4.33512969e-02,2.44714087e-02,2.44714087e-02,1.31821750e-18,2.44623419e-02,1.41294872e-02,1.22987284e-17
3.73347020e-02,9.42190618e-19,2.39974852e-04,7.56896037e-18,2.51002652e-02,2.51321714e-02,1.03875688e-02,2.53621881e-02,1.44577286e-02,2.50724312e-02,2.53616693e-02,2.52341606e-02,2.49159349e-02,2.49515423e-10,4.31873736e-02,1.89576222e-02,2.87873893e-07,2.49879593e-02,2.52302049e-02,2.50724312e-02,2.53616693e-02,3.73347020e-02,2.52302049e-02,2.52302049e-02,9.42166666e-19,2.52341606e-02,1.03875688e-02,7.56896950e-18
3.21892211e-02,6.93210641e-19,1.54611605e-04,5.08079470e-18,2.51992212e-02,2.52272423e-02,7.78770683e-03,2.54301221e-02,1.11120799e-02,2.51733984e-02,2.54412691e-02,2.53295917e-02,2.50549227e-02,1.45947090e-10,4.00083175e-02,1.49213222e-02,1.48425928e-07,2.50974174e-02,2.53182438e-02,2.51733984e-02,2.54412691e-02,3.21892211e-02,2.53182438e-02,2.53182438e-02,6.93190916e-19,2.53295917e-02,7.78770683e-03,5.08079937e-18
2.79711306e-02,5.25730310e-19,1.03838403e-04,3.64131033e-18,2.49466347e-02,2.49719258e-02,5.97685307e-03,2.51497437e-02,8.71753163e-03,2.49240613e-02,2.51643145e-02,2.50747908e-02,2.48330449e-02,9.57950821e-11,3.69342559e-02,1.19557664e-02,8.20376056e-08,2.48561104e-02,2.50549484e-02,2.49240613e-02,2.51643145e-02,2.79711306e-02,2.50549484e-02,2.50549484e-02,5.25732144e-19,2.50747908e-02,5.97685307e-03,3.64131271e-18
2.50245879e-02,4.18018254e-19,7.36268675e-05,2.79144139e-18,2.50276041e-02,2.50508680e-02,4.77834345e-03,2.52077195e-02,7.10873182e-03,2.50074035e-02,2.52349142e-02,2.51565578e-02,2.49423759e-02,6.95565429e-11,3.48247579e-02,9.93743872e-03,4.89336904e-08,2.49449754e-02,2.51286570e-02,2.50074035e-02,2.52349142e-02,2.50245879e-02,2.51286570e-02,2.51286570e-02,4.18015352e-19,2.51565578e-02,4.77834345e-03,2.79144360e-18
2.29790675e-02,3.45328394e-19,5.44579629e-05,2.25144776e-18,2.55013486e-02,2.55217411e-02,3.95073815e-03,2.56645667e-02,5.98704499e-03,2.54837145e-02,2.56773314e-02,2.56284323e-02,2.54295061e-02,5.42468693e-11,3.35214162e-02,8.52004355e-03,3.09255152e-08,2.54260133e-02,2.55923881e-02,2.54837145e-02,2.56773314e-02,2.29790675e-02,2.55923881e-02,2.55923881e-02,3.45327832e-19,2.56284323e-02,3.95073815e-03,2.25144806e-18
2.02256630e-02,2.75509906e-19,3.92155404e-05,1.77413640e-18,2.46800123e-02,2.46989864e-02,3.15467355e-03,2.48197286e-02,4.86347592e-03,2.46652838e-02,2.48359866e-02,2.48018154e-02,2.46336267e-02,4.19000915e-11,3.07751452e-02,7.03731270e-03,1.93204095e-08,2.46159870e-02,2.47604841e-02,2.46652838e-02,2.48359866e-02,2.02256630e-02,2.47604841e-02,2.47604841e-02,2.75513971e-19,2.48018154e-02,3.15467355e-03,1.77413516e-18
1.90775141e-02,2.38302554e-19,3.06413317e-05,1.51951704e-18,2.54026704e-02,2.54207627e-02,2.71518019e-03,2.55266741e-02,4.25388955e-03,2.53881701e-02,2.55584899e-02,2.55238150e-02,2.53831955e-02,3.54803872e-11,3.01721990e-02,6.25237312e-03,1.32791103e-08,2.53426933e-02,2.54782045e-02,2.53881701e-02,2.55584899e-02,1.90775141e-02,2.54782045e-02,2.54782045e-02,2.38291370e-19,2.55238150e-02,2.71518019e-03,1.51951611e-18
1.73042070e-02,1.98892900e-19,2.32052661e-05,1.26384442e-18,2.50229298e-02,2.50371557e-02,2.25594164e-03,2.51285190e-02,3.58952698e-03,2.50099007e-02,2.51492860e-02,2.51381198e-02,2.50150463e-02,2.93189955e-11,2.83663550e-02,5.35596085e-03,8.94167268e-09,2.49715933e-02,2.50865751e-02,2.50099007e-02,2.51492860e-02,1.73042070e-02,2.50865751e-02,2.50865751e-02,1.98888475e-19,2.51381198e-02,2.25594164e-03,1.26384429e-18
1.60558662e-02,1.70972585e-19,1.81384177e-05,1.08502297e-18,2.50836617e-02,2.50957155e-02,1.92552624e-03,2.51733795e-02,3.10927654e-03,2.50716815e-02,2.51998230e-02,2.52009220e-02,2.50939753e-02,2.50848536e-11,2.72116657e-02,4.70640053e-03,6.29065454e-09,2.50389378e-02,2.51400152e-02,2.50716815e-02,2.51998230e-02,1.60558662e-02,2.51400152e-02,2.51400152e-02,1.70983874e-19,2.52009220e-02,1.92552624e-03,1.08502315e-18
1.47845527e-02,1.46493390e-19,1.41665976e-05,9.30864272e-19,2.48528050e-02,2.48624048e-02,1.63641569e-03,2.49272747e-02,2.68020091e-03,2.48426109e-02,2.49445737e-02,2.49587323e-02,2.48753658e-02,2.14855089e-11,2.58505017e-02,4.11346441e-03,4.47186316e-09,2.48159572e-02,2.48999478e-02,2.48426109e-02,2.49445737e-02,1.47845527e-02,2.48999478e-02,2.48999478e-02,1.46484626e-19,2.49587323e-02,1.63641569e-03,9.30864152e-19
1.40451028e-02,1.30109428e-19,1.14666890e-05,8.28192257e-19,2.53347887e-02,2.53458499e-02,1.43777229e-03,2.53928125e-02,2.38760885e-03,2.53252895e-02,2.54340179e-02,2.54439379e-02,2.53837508e-02,1.91056604e-11,2.53019628e-02,3.71419302e-03,3.32956767e-09,2.53017580e-02,2.53793705e-02,2.53252895e-02,2.54340179e-02,1.40451028e-02,2.53793705e-02,2.53793705e-02,1.30105818e-19,2.54439379e-02,1.43777229e-03,8.28192262e-19
1.27546008e-02,1.10638561e-19,8.91531070e-06,7.07798669e-19,2.46220721e-02,2.46331624e-02,1.21044368e-03,2.46628823e-02,2.03730375e-03,2.46147384e-02,2.47190493e-02,2.47223305e-02,2.46887598e-02,1.63278357e-11,2.36349415e-02,3.21114078e-03,2.40786185e-09,2.45948792e-02,2.46616740e-02,2.46147384e-02,2.47190493e-02,1.27546008e-02,2.46616740e-02,2.46616740e-02,1.10644801e-19,2.47223305e-02,1.21044368e-03,7.07798798e-19
1.20004376e-02,9.79590726e-20,7.22109164e-06,6.29602314e-19,2.47064807e-02,2.47136811e-02,1.05851363e-03,2.47388390e-02,1.80482398e-03,2.47020490e-02,2.47539765e-02,2.48020083e-02,2.47612149e-02,1.45286840e-11,2.28379715e-02,2.88096317e-03,1.83570125e-09,2.46900143e-02,2.47346620e-02,2.47020490e-02,2.47539765e-02,1.20004376e-02,2.47346620e-02,2.47346620e-02,9.79820530e-20,2.48020083e-02,1.05851363e-03,6.29602420e-19
1.17509453e-02,9.05017088e-20,6.08318505e-06,5.83963030e-19,2.57959303e-02,2.58017629e-02,9.62973880e-04,2.58157188e-02,1.66342747e-03,2.57930802e-02,2.58307570e-02,2.58937580e-02,2.58586518e-02,1.34829519e-11,2.29636188e-02,2.68943731e-03,1.47031338e-09,2.57846018e-02,2.58197963e-02,2.57930802e-02,2.58307570e-02,1.17509453e-02,2.58197963e-02,2.58197963e-02,9.05051003e-20,2.58937580e-02,9.62973880e-04,5.83963063e-19
1.04763155e-02,7.60346657e-20,4.67735548e-06,4.94629100e-19,2.44925554e-02,2.44962152e-02,7.98637178e-04,2.44981213e-02,1.39743160e-03,2.44920801e-02,2.45070755e-02,2.45800199e-02,2.45567546e-02,1.14255510e-11,2.09992490e-02,2.28808889e-03,1.08755971e-09,2.44861726e-02,2.45085729e-02,2.44920801e-02,2.45070755e-02,1.04763155e-02,2.45085729e-02,2.45085729e-02,7.60442652e-20,2.45800199e-02,7.98637178e-04,4.94629133e-19
9.25941180e-03,6.36462103e-20,3.60039908e-06,4.17476461e-19,2.29518742e-02,2.29536847e-02,6.59737053e-04,2.29439393e-02,1.16838407e-03,2.29524031e-02,2.29585523e-02,2.30336627e-02,2.30199770e-02,9.64708228e-12,1.89983100e-02,1.93589821e-03,8.16093999e-10,2.29497420e-02,2.29613358e-02,2.29524031e-02,2.29585523e-02,9.25941180e-03,2.29613358e-02,2.29613358e-02,6.36536413e-20,2.30336627e-02,6.59737053e-04,4.17476534e-19
9.42696899e-04,6.12109626e-21,3.40146784e-07,4.15145544e-20,2.42025324e-03,2.42019390e-03,6.48016553e-05,2.41882757e-03,1.15558611e-04,2.42044718e-03,2.41812629e-03,2.42848630e-03,2.42638633e-03,9.58273814e-13,1.95480291e-03,1.92760755e-04,7.63306438e-11,2.42072009e-03,2.42039037e-03,2.42044718e-03,2.41812629e-03,9.42696899e-04,2.42039037e-03,2.42039037e-03,6.12108453e-21,2.42848630e-03,6.48016553e-05,4.15145571e-20
9.45087071e-03,6.15910425e-20,3.15631606e-06,4.05695255e-19,2.49545365e-02,2.49539345e-02,6.24952578e-04,2.49320336e-02,1.12151776e-03,2.49562095e-02,2.49447481e-02,2.50210438e-02,2.50360646e-02,9.38055561e-12,1.98934879e-02,1.88265940e-03,7.04481562e-10,2.49599551e-02,2.49554281e-02,2.49562095e-02,2.49447481e-02,9.45087071e-03,2.49554281e-02,2.49554281e-02,6.15942495e-20,2.50210438e-02,6.24952578e-04,4.05695319e-19
8.70729054e-03,5.38763806e-20,2.52292069e-06,3.57608316e-19,2.43886299e-02,2.43852364e-02,5.37070594e-04,2.43538310e-02,9.75873875e-04,2.43918009e-02,2.43611961e-02,2.44424985e-02,2.44737425e-02,8.27178214e-12,1.87595648e-02,1.65832903e-03,5.61819737e-10,2.43992593e-02,2.43819636e-02,2.43918009e-02,2.43611961e-02,8.70729054e-03,2.43819636e-02,2.43819636e-02,5.38794922e-20,2.44424985e-02,5.37070594e-04,3.57608306e-19
8.42354325e-03,4.96094407e-20,2.11746663e-06,3.31438038e-19,2.50162340e-02,2.50115598e-02,4.84581162e-04,2.49671360e-02,8.91514712e-04,2.50207781e-02,2.49815476e-02,2.50677191e-02,2.51121954e-02,7.66948888e-12,1.85718448e-02,1.53372207e-03,4.76075680e-10,2.50315924e-02,2.50047533e-02,2.50207781e-02,2.49815476e-02,8.42354325e-03,2.50047533e-02,2.50047533e-02,4.96141363e-20,2.50677191e-02,4.84581162e-04,3.31438072e-19
8.11798175e-03,4.54903938e-20,1.76340948e-06,3.06079126e-19,2.55923745e-02,2.55848416e-02,4.34681617e-04,2.55295654e-02,8.10023213e-04,2.55982812e-02,2.55355534e-02,2.56410133e-02,2.56954736e-02,7.08513665e-12,1.83201706e-02,1.41129123e-03,4.05281163e-10,2.56155435e-02,2.55717043e-02,2.55982812e-02,2.55355534e-02,8.11798175e-03,2.55717043e-02,2.55717043e-02,4.54932794e-20,2.56410133e-02,4.34681617e-04,3.06079099e-19
7.38709638e-03,3.93660085e-20,1.38610492e-06,2.67247745e-19,2.47240868e-02,2.47152179e-02,3.68082485e-04,2.46508185e-02,6.94832766e-04,2.47317542e-02,2.46544856e-02,2.47657306e-02,2.48290561e-02,6.18749007e-12,1.70571483e-02,1.22613183e-03,3.29538135e-10,2.47527567e-02,2.46969150e-02,2.47317542e-02,2.46544856e-02,7.38709638e-03,2.46969150e-02,2.46969150e-02,3.93720735e-20,2.47657306e-02,3.68082485e-04,2.67247733e-19
7.07500619e-03,3.59426512e-20,1.14654002e-06,2.45892105e-19,2.51324507e-02,2.51226986e-02,3.27963662e-04,2.50422294e-02,6.27171510e-04,2.51413725e-02,2.50585956e-02,2.51689688e-02,2.52438563e-02,5.69409664e-12,1.67140062e-02,1.12095638e-03,2.85175489e-10,2.51662417e-02,2.50996699e-02,2.51413725e-02,2.50585956e-02,7.07500619e-03,2.50996699e-02,2.50996699e-02,3.59432357e-20,2.51689688e-02,3.27963662e-04,2.45892081e-19
5.83728160e-03,2.82554806e-20,8.21686749e-07,1.95500051e-19,2.19587381e-02,2.19477888e-02,2.52452724e-04,2.18712991e-02,4.88856687e-04,2.19682436e-02,2.18701851e-02,2.19846139e-02,2.20581136e-02,4.52681804e-12,1.40857393e-02,8.84611390e-04,2.15522859e-10,2.19954351e-02,2.19199775e-02,2.19682436e-02,2.18701851e-02,5.83728160e-03,2.19199775e-02,2.19199775e-02,2.82581907e-20,2.19846139e-02,2.52452724e-04,1.95500048e-19
8.98350639e-04,4.15256972e-21,1.16967562e-07,2.95236718e-20,3.50040329e-03,3.49862906e-03,3.74041059e-05,3.48511774e-03,7.29579180e-05,3.50207845e-03,3.48544441e-03,3.50112133e-03,3.51507898e-03,6.82855895e-13,2.19012176e-03,1.32958872e-04,3.17135452e-11,3.50665443e-03,3.49337539e-03,3.50207845e-03,3.48544441e-03,8.98350639e-04,3.49337539e-03,3.49337539e-03,4.15335669e-21,3.50112133e-03,3.74041059e-05,2.95236683e-20
6.04804438e-03,2.79148926e-20,7.24066572e-07,1.94299073e-19,2.42735836e-02,2.42600628e-02,2.41394282e-04,2.41621654e-02,4.74180417e-04,2.42850919e-02,2.41636805e-02,2.42701792e-02,2.43871295e-02,4.49971610e-12,1.49606093e-02,8.70330685e-04,2.04069969e-10,2.43191167e-02,2.42232110e-02,2.42850919e-02,2.41636805e-02,6.04804438e-03,2.42232110e-02,2.42232110e-02,2.79166083e-20,2.42701792e-02,2.41394282e-04,1.94299063e-19
5.72303665e-03,2.52312206e-20,5.88514857e-07,1.77053429e-19,2.44109898e-02,2.43961999e-02,2.11827822e-04,2.42851929e-02,4.21758665e-04,2.44237581e-02,2.42868489e-02,2.44021613e-02,2.45272292e-02,4.10038930e-12,1.44829662e-02,7.84590209e-04,1.79071026e-10,2.44630558e-02,2.43530625e-02,2.44237581e-02,2.42868489e-02,5.72303665e-03,2.43530625e-02,2.43530625e-02,2.52346780e-20,2.44021613e-02,2.11827822e-04,1.77053418e-19
5.69145568e-03,2.39688616e-20,4.97888014e-07,1.69356407e-19,2.58857010e-02,2.58681122e-02,1.94368399e-04,2.57388977e-02,3.92613667e-04,2.59013988e-02,2.57325930e-02,2.58711340e-02,2.60120468e-02,3.92226179e-12,1.47531346e-02,7.40922230e-04,1.65759714e-10,2.59496326e-02,2.58150905e-02,2.59013988e-02,2.57325930e-02,5.69145568e-03,2.58150905e-02,2.58150905e-02,2.39639410e-20,2.58711340e-02,1.94368399e-04,1.69356404e-19
5.01034413e-03,2.00732098e-20,3.70519162e-07,1.43409629e-19,2.43725701e-02,2.43546930e-02,1.57354497e-04,2.42189966e-02,3.22690187e-04,2.43894687e-02,2.42160644e-02,2.43605070e-02,2.44898694e-02,3.32084544e-12,1.33098425e-02,6.18161886e-04,1.36528220e-10,2.44386732e-02,2.42975030e-02,2.43894687e-02,2.42160644e-02,5.01034413e-03,2.42975030e-02,2.42975030e-02,2.00806134e-20,2.43605070e-02,1.57354497e-04,1.43409628e-19
4.90791724e-03,1.87507436e-20,3.04903990e-07,1.35078824e-19,2.55766333e-02,2.55536367e-02,1.41247397e-04,2.54015309e-02,2.94235755e-04,2.55952238e-02,2.53825752e-02,2.55650587e-02,2.57006307e-02,3.12781507e-12,1.33720987e-02,5.72531193e-04,1.25721913e-10,2.56541565e-02,2.54844462e-02,2.55952238e-02,2.53825752e-02,4.90791724e-03,2.54844462e-02,2.54844462e-02,1.87553389e-20,2.55650587e-02,1.41247397e-04,1.35078820e-19
4.25620038e-04,1.54226433e-21,2.38602155e-08,1.14809610e-20,2.32275183e-03,2.32053971e-03,1.16427363e-05,2.30573675e-03,2.44917063e-05,2.32458278e-03,2.30339744e-03,2.32195744e-03,2.33231637e-03,2.65437808e-13,1.17411377e-03,4.81170826e-05,1.05505602e-11,2.33025600e-03,2.31370685e-03,2.32458278e-03,2.30339744e-03,4.25620038e-04,2.31370685e-03,2.31370685e-03,1.54232470e-21,2.32195744e-03,1.16427363e-05,1.14809609e-20
4.05517469e-03,1.46642340e-20,2.07007801e-07,1.06983097e-19,2.28562404e-02,2.28337820e-02,1.05728264e-04,2.26832795e-02,2.24211670e-04,2.28752463e-02,2.26632165e-02,2.27860222e-02,2.29625146e-02,2.47656409e-12,1.13614515e-02,4.44091395e-04,9.75979016e-11,2.29345771e-02,2.27649872e-02,2.28752463e-02,2.26632165e-02,4.05517469e-03,2.27649872e-02,2.27649872e-02,1.46650309e-20,2.27860222e-02,1.05728264e-04,1.06983096e-19
4.05296395e-03,1.39769743e-20,1.71600750e-07,1.02765734e-19,2.45924125e-02,2.45665295e-02,9.61136868e-05,2.43887693e-02,2.07317449e-04,2.46150150e-02,2.43704223e-02,2.45096635e-02,2.47010465e-02,2.37892733e-12,1.16642287e-02,4.17663788e-04,9.24220301e-11,2.46842443e-02,2.44901825e-02,2.46150150e-02,2.43704223e-02,4.05296395e-03,2.44901825e-02,2.44901825e-02,1.39783002e-20,2.45096635e-02,9.61136868e-05,1.02765734e-19
3.80061054e-03,1.24274555e-20,1.30224971e-07,9.22668733e-20,2.50750237e-02,2.50458384e-02,8.09213228e-05,2.48483937e-02,1.77968856e-04,2.51004671e-02,2.48259291e-02,2.49808226e-02,2.51777406e-02,2.13576407e-12,1.12709170e-02,3.65564417e-04,8.19726007e-11,2.51775295e-02,2.49635148e-02,2.51004671e-02,2.48259291e-02,3.80061054e-03,2.49635148e-02,2.49635148e-02,1.24284030e-20,2.49808226e-02,8.09213228e-05,9.22668730e-20
2.42502576e-04,7.49453648e-22,7.34052987e-09,5.76323592e-21,1.69146056e-03,1.68937027e-03,4.85069748e-06,1.67523531e-03,1.07976374e-05,1.69332744e-03,1.67290243e-03,1.68387191e-03,1.69673884e-03,1.33178357e-13,7.29655708e-04,2.24440287e-05,5.08138798e-12,1.69890480e-03,1.68326868e-03,1.69332744e-03,1.67290243e-03,2.42502576e-04,1.68326868e-03,1.68326868e-03,7.49816749e-22,1.68387191e-03,4.85069748e-06,5.76323588e-21
3.05610518e-03,9.39558957e-21,8.24526171e-08,7.07751683e-20,2.21803373e-02,2.21516132e-02,5.75644289e-05,2.19615811e-02,1.29439187e-04,2.22053272e-02,2.19301206e-02,2.19620262e-02,2.22622564e-02,1.63783966e-12,9.36874410e-03,2.71839996e-04,6.22326077e-11,2.22815544e-02,2.20679072e-02,2.22053272e-02,2.19301206e-02,3.05610518e-03,2.20679072e-02,2.20679072e-02,9.39560891e-21,2.19620262e-02,5.75644289e-05,7.07751675e-20
8.50118571e-05,2.47918759e-22,2.03717741e-09,1.93089568e-21,6.51180415e-04,6.50304203e-04,1.50747732e-06,6.44406741e-04,3.42933072e-06,6.51966450e-04,6.43292920e-04,6.44723375e-04,6.52898437e-04,4.46084507e-14,2.64209031e-04,7.28533502e-06,1.68791439e-12,6.54355718e-04,6.47696841e-04,6.51966450e-04,6.43292920e-04,8.50118571e-05,6.47696841e-04,6.47696841e-04,2.48130305e-22,6.44723375e-04,1.50747732e-06,1.93089566e-21
3.11594528e-03,9.01900109e-21,6.48589214e-08,6.85201202e-20,2.50559287e-02,2.50202611e-02,5.12977067e-05,2.47858070e-02,1.18162226e-04,2.50867681e-02,2.47455546e-02,2.47053852e-02,2.51358050e-02,1.58596875e-12,9.91021830e-03,2.54250728e-04,5.98126948e-11,2.51820984e-02,2.49171288e-02,2.50867681e-02,2.47455546e-02,3.11594528e-03,2.49171288e-02,2.49171288e-02,9.02006587e-21,2.47053852e-02,5.12977067e-05,6.85201196e-20
2.67858627e-03,7.18178616e-21,4.07402488e-08,5.53277985e-20,2.44293468e-02,2.43890195e-02,3.74061518e-05,2.41374897e-02,8.87656654e-05,2.44631572e-02,2.40885897e-02,2.40489701e-02,2.44848240e-02,1.28086904e-12,8.90115004e-03,1.96792249e-04,4.80229560e-11,2.45669116e-02,2.42750366e-02,2.44631572e-02,2.40885897e-02,2.67858627e-03,2.42750366e-02,2.42750366e-02,7.18226426e-21,2.40489701e-02,3.74061518e-05,5.53277981e-20
4.21708248e-04,1.05037013e-21,5.11857322e-09,8.38675466e-21,4.23775558e-03,4.23016125e-03,5.24518363e-06,4.18293737e-03,1.27213467e-05,4.24421573e-03,4.17245889e-03,4.16832372e-03,4.23961436e-03,1.93844843e-13,1.43963530e-03,2.88241818e-05,7.24233522e-12,4.26382812e-03,4.20765366e-03,4.24421573e-03,4.17245889e-03,4.21708248e-04,4.20765366e-03,4.20765366e-03,1.05030012e-21,4.16832372e-03,5.24518363e-06,8.38675469e-21
1.10921289e-03,2.69504759e-21,1.16772102e-08,2.13752104e-20,1.17694750e-02,1.17475320e-02,1.27631458e-05,1.16122086e-02,3.13678981e-05,1.17880182e-02,1.15832726e-02,1.15349273e-02,1.17743150e-02,4.94416605e-13,3.86888549e-03,7.20487607e-05,1.84458783e-11,1.18451431e-02,1.16800305e-02,1.17880182e-02,1.15832726e-02,1.10921289e-03,1.16800305e-02,1.16800305e-02,2.69500217e-21,1.15349273e-02,1.27631458e-05,2.13752104e-20
7.53053974e-04,1.72853047e-21,6.41080135e-09,1.38871395e-20,8.73081663e-03,8.71341889e-03,7.70678959e-06,8.60782321e-03,1.93328918e-05,8.74553090e-03,8.58522704e-03,8.51733878e-03,8.72639551e-03,3.21078952e-13,2.70520226e-03,4.53542076e-05,1.19527812e-11,8.79174117e-03,8.65605413e-03,8.74553090e-03,8.58522704e-03,7.53053974e-04,8.65605413e-03,8.65605413e-03,1.72854331e-21,8.51733878e-03,7.70678959e-06,1.38871394e-20
6.49189983e-04,1.40393553e-21,4.44617229e-09,1.13852562e-20,8.23748258e-03,8.21978314e-03,5.87513056e-06,8.11542808e-03,1.50530179e-05,8.25240912e-03,8.09406355e-03,8.01770722e-03,8.22659963e-03,2.63162915e-13,2.40600503e-03,3.60975620e-05,9.77920978e-12,8.29944314e-03,8.15649866e-03,8.25240912e-03,8.09406355e-03,6.49189983e-04,8.15649866e-03,8.15649866e-03,1.40393178e-21,8.01770722e-03,5.87513056e-06,1.13852562e-20
9.33386759e-04,1.73988075e-21,4.18134916e-09,1.41646486e-20,1.40813570e-02,1.40469957e-02,6.65338128e-06,1.38537073e-02,1.77978830e-05,1.41106808e-02,1.38315828e-02,1.35688680e-02,1.40590819e-02,3.27897046e-13,3.68926686e-03,4.46022911e-05,1.21978694e-11,1.42024954e-02,1.38823482e-02,1.41106808e-02,1.38315828e-02,9.33386759e-04,1.38823482e-02,1.38823482e-02,1.73987972e-21,1.35688680e-02,6.65338128e-06,1.41646486e-20
1.15381968e-04,1.40407098e-22,2.43865929e-10,6.23428099e-24,2.37988872e-03,2.37407950e-03,5.48583175e-07,2.33225768e-03,1.58360609e-06,2.38538063e-03,2.34576606e-03,2.24293845e-03,2.36985738e-03,2.08054444e-15,5.08229066e-04,4.28675107e-06,2.28660929e-13,2.40316052e-03,2.32792822e-03,2.38538063e-03,2.34576606e-03,1.15381968e-04,2.32792822e-03,2.32792822e-03,1.40407054e-22,2.24293845e-03,5.48583175e-07,6.23428078e-24