1.00000000e-03,4.90470928e-01
1.07189132e-03,4.89819975e-01
1.14895100e-03,4.89126600e-01
1.23155060e-03,4.88388369e-01
1.32008840e-03,4.87602753e-01
1.41499130e-03,4.86767138e-01
1.51671689e-03,4.85878825e-01
1.62575567e-03,4.84935040e-01
1.74263339e-03,4.83932944e-01
1.86791360e-03,4.82869640e-01
2.00220037e-03,4.81742191e-01
2.14614120e-03,4.80547632e-01
2.30043012e-03,4.79282993e-01
2.46581108e-03,4.77945318e-01
2.64308149e-03,4.76531689e-01
2.83309610e-03,4.75039260e-01
3.03677112e-03,4.73465287e-01
3.25508860e-03,4.71807161e-01
3.48910121e-03,4.70062453e-01
3.73993730e-03,4.68228957e-01
4.00880633e-03,4.66304740e-01
4.29700470e-03,4.64288191e-01
4.60592204e-03,4.62178077e-01
4.93704785e-03,4.59973606e-01
5.29197874e-03,4.57674483e-01
5.67242607e-03,4.55280978e-01
6.08022426e-03,4.52793989e-01
6.51733960e-03,4.50215105e-01
6.98587975e-03,4.47546677e-01
7.48810386e-03,4.44791879e-01
8.02643352e-03,4.41954772e-01
8.60346442e-03,4.39040371e-01
9.22197882e-03,4.36054712e-01
9.88495905e-03,4.33004921e-01
1.05956018e-02,4.29899304e-01
1.13573336e-02,4.26747455e-01
1.21738273e-02,4.23560409e-01
1.30490198e-02,4.20350867e-01
1.39871310e-02,4.17133536e-01
1.49926843e-02,4.13925655e-01
1.60705282e-02,4.10747812e-01
1.72258597e-02,4.07625211e-01
1.84642494e-02,4.04589647e-01
1.97916687e-02,4.01682585e-01
2.12145178e-02,3.98959959e-01
2.27396575e-02,3.96499724e-01
2.43744415e-02,3.94413859e-01
2.61267523e-02,3.92867915e-01
2.80050389e-02,3.92114367e-01
3.00183581e-02,3.92548571e-01
3.21764175e-02,3.94206053e-01
3.44896226e-02,3.95499549e-01
3.69691271e-02,3.96163168e-01
3.96268864e-02,3.96226802e-01
4.24757155e-02,3.95734273e-01
4.55293507e-02,3.94739180e-01
4.88025158e-02,3.93303010e-01
5.23109931e-02,3.91493150e-01
5.60716994e-02,3.89380721e-01
6.01027678e-02,3.87038298e-01
6.44236351e-02,3.84537666e-01
6.90551352e-02,3.81947704e-01
7.40196000e-02,3.79332509e-01
7.93409667e-02,3.76749846e-01
8.50448934e-02,3.74249971e-01
9.11588830e-02,3.71874844e-01
9.77124154e-02,3.69657747e-01
1.04737090e-01,3.67623256e-01
1.12266777e-01,3.65787530e-01
1.20337784e-01,3.64158855e-01
1.28989026e-01,3.62738382e-01
1.38262217e-01,3.61520976e-01
1.48202071e-01,3.60496146e-01
1.58856513e-01,4.06001816e-01
1.70276917e-01,4.50586029e-01
1.82518349e-01,4.33385287e-01
1.95639834e-01,4.16929115e-01
2.09704640e-01,4.01223013e-01
2.24780583e-01,3.86265331e-01
2.40940356e-01,3.72048449e-01
2.58261876e-01,3.58559838e-01
2.76828663e-01,3.56665421e-01
2.96730241e-01,3.56402669e-01
3.18062569e-01,3.56084484e-01
3.40928507e-01,3.55688848e-01
3.65438307e-01,3.55194706e-01
3.91710149e-01,3.54581966e-01
4.19870708e-01,3.53831472e-01
4.50055768e-01,3.52924939e-01
4.82410870e-01,3.51844877e-01
5.17092024e-01,3.50574505e-01
5.54266452e-01,3.49097648e-01
5.94113398e-01,3.47398633e-01
6.36824994e-01,3.45462180e-01
6.82607183e-01,3.43273293e-01
7.31680714e-01,3.40817145e-01
7.84282206e-01,3.38078973e-01
8.40665289e-01,3.35043963e-01
9.01101825e-01,3.31697137e-01
9.65883224e-01,3.28023241e-01
1.03532184e+00,3.24006622e-01
1.10975250e+00,3.19631112e-01
1.18953407e+00,3.14879898e-01
1.27505124e+00,3.09735407e-01
1.36671636e+00,3.04179207e-01
1.46497140e+00,2.98191965e-01
1.57029012e+00,2.91753539e-01
1.68318035e+00,2.84843412e-01
1.80418641e+00,2.77441929e-01
1.93389175e+00,2.69534007e-01
2.07292178e+00,2.61123811e-01
2.22194686e+00,2.52406140e-01
2.38168555e+00,2.53670298e-01
2.55290807e+00,2.57676492e-01
2.73644000e+00,2.60631558e-01
2.93316628e+00,2.62378500e-01
3.14403547e+00,2.62750505e-01
3.37006433e+00,2.61571167e-01
3.61234270e+00,2.60242038e-01
3.87203878e+00,2.57968349e-01
4.15040476e+00,2.54625155e-01
4.44878283e+00,2.50265236e-01
4.76861170e+00,2.44966644e-01
5.11143348e+00,2.38829497e-01
5.47890118e+00,2.31970783e-01
5.87278661e+00,2.24517598e-01
6.29498899e+00,2.16599756e-01
6.74754405e+00,2.33011973e-01
7.23263390e+00,2.83322778e-01
7.75259749e+00,3.38179780e-01
8.30994195e+00,3.97825331e-01
8.90735464e+00,4.62532574e-01
9.54771611e+00,5.32607625e-01
1.02341140e+01,6.08392450e-01
1.09698580e+01,6.43730904e-01
1.17584955e+01,6.13200470e-01
1.26038293e+01,5.84377799e-01
1.35099352e+01,5.57195230e-01
1.44811823e+01,5.31583457e-01
1.55222536e+01,5.07472310e-01
1.66381689e+01,4.84791459e-01
1.78343088e+01,4.63471024e-01
1.91164408e+01,4.43442092e-01
2.04907469e+01,4.24637143e-01
2.19638537e+01,4.06990394e-01
2.35428641e+01,3.90438065e-01
2.52353917e+01,3.74918579e-01
2.70495973e+01,3.60372710e-01
2.89942285e+01,3.46743674e-01
3.10786619e+01,3.33977184e-01
3.33129479e+01,3.22021472e-01
3.57078596e+01,3.10827277e-01
3.82749448e+01,3.00347817e-01
4.10265811e+01,2.90538738e-01
4.39760361e+01,2.81358055e-01
4.71375313e+01,2.72766077e-01
5.05263107e+01,2.64725327e-01
5.41587138e+01,2.57200457e-01
5.80522552e+01,2.50158160e-01
6.22257084e+01,2.43567076e-01
6.66991966e+01,2.37397711e-01
7.14942899e+01,2.31622337e-01
7.66341087e+01,2.26214915e-01
8.21434358e+01,2.21151006e-01
8.80488358e+01,2.16407692e-01
9.43787828e+01,2.11963509e-01
1.01163798e+02,2.07798369e-01
1.08436597e+02,2.03893513e-01
1.16232247e+02,2.00231452e-01
1.24588336e+02,1.96795931e-01
1.33545156e+02,1.93571903e-01
1.43145894e+02,1.90545518e-01
1.53436841e+02,1.87704140e-01
1.64467618e+02,1.85036408e-01
1.76291412e+02,1.82532273e-01
1.88965234e+02,1.80182971e-01
2.02550194e+02,1.77980884e-01
2.17111795e+02,1.75919294e-01
2.32720248e+02,1.73992004e-01
2.49450814e+02,1.72192904e-01
2.67384162e+02,1.70515643e-01
2.86606762e+02,1.68953538e-01
3.07211300e+02,1.67499715e-01
3.29297126e+02,1.66147370e-01
3.52970730e+02,1.64890013e-01
3.78346262e+02,1.63721653e-01
4.05546074e+02,1.62636890e-01
4.34701316e+02,1.61630965e-01
4.65952567e+02,1.60699755e-01
4.99450512e+02,1.59839759e-01
5.35356668e+02,1.59048088e-01
5.73844165e+02,1.58322522e-01
6.15098579e+02,1.57658830e-01
6.59318827e+02,1.57020754e-01
7.06718127e+02,1.56395761e-01
7.57525026e+02,1.55781014e-01
8.11984499e+02,1.55173740e-01
8.70359136e+02,1.54571222e-01
9.32930403e+02,1.53970793e-01
1.00000000e+03,1.53371911e-01
