1.00000000e-03,4.97578340e-01
1.07189132e-03,4.97409717e-01
1.14895100e-03,4.97229248e-01
1.23155060e-03,4.97036124e-01
1.32008840e-03,4.96829480e-01
1.41499130e-03,4.96608399e-01
1.51671689e-03,4.96371903e-01
1.62575567e-03,4.96118955e-01
1.74263339e-03,4.95848451e-01
1.86791360e-03,4.95559222e-01
2.00220037e-03,4.95250026e-01
2.14614120e-03,4.94919549e-01
2.30043012e-03,4.94566396e-01
2.46581108e-03,4.94189096e-01
2.64308149e-03,4.93786091e-01
2.83309610e-03,4.93355737e-01
3.03677112e-03,4.92896303e-01
3.25508860e-03,4.92405964e-01
3.48910121e-03,4.91882803e-01
3.73993730e-03,4.91324804e-01
4.00880633e-03,4.90729860e-01
4.29700470e-03,4.90095761e-01
4.60592204e-03,4.89420205e-01
4.93704785e-03,4.88700790e-01
5.29197874e-03,4.87935022e-01
5.67242607e-03,4.87120316e-01
6.08022426e-03,4.86254002e-01
6.51733960e-03,4.85333329e-01
6.98587975e-03,4.84355475e-01
7.48810386e-03,4.83317555e-01
8.02643352e-03,4.82216637e-01
8.60346442e-03,4.81049751e-01
9.22197882e-03,4.79813911e-01
9.88495905e-03,4.78506133e-01
1.05956018e-02,4.77123461e-01
1.13573336e-02,4.75662991e-01
1.21738273e-02,4.74121901e-01
1.30490198e-02,4.72497489e-01
1.39871310e-02,4.70787208e-01
1.49926843e-02,4.68988706e-01
1.60705282e-02,4.67099878e-01
1.72258597e-02,4.65118910e-01
1.84642494e-02,4.63044332e-01
1.97916687e-02,4.60875076e-01
2.12145178e-02,4.58610535e-01
2.27396575e-02,4.56250618e-01
2.43744415e-02,4.53795819e-01
2.61267523e-02,4.51247271e-01
2.80050389e-02,4.48606817e-01
3.00183581e-02,4.45877059e-01
3.21764175e-02,4.43061427e-01
3.44896226e-02,4.40164234e-01
3.69691271e-02,4.37190730e-01
3.96268864e-02,4.34147169e-01
4.24757155e-02,4.31040873e-01
4.55293507e-02,4.27880327e-01
4.88025158e-02,4.24675289e-01
5.23109931e-02,4.21436975e-01
5.60716994e-02,4.18178329e-01
6.01027678e-02,4.14914456e-01
6.44236351e-02,4.11663298e-01
6.90551352e-02,4.08446702e-01
7.40196000e-02,4.05292113e-01
7.93409667e-02,4.02235221e-01
8.50448934e-02,3.99324143e-01
9.11588830e-02,3.96625986e-01
9.77124154e-02,3.94237146e-01
1.04737090e-01,3.92299217e-01
1.12266777e-01,3.91021664e-01
1.20337784e-01,3.90695024e-01
1.28989026e-01,3.91443048e-01
1.38262217e-01,3.92321897e-01
1.48202071e-01,3.92646604e-01
1.58856513e-01,3.92359878e-01
1.70276917e-01,3.91489050e-01
1.82518349e-01,3.90080085e-01
1.95639834e-01,3.88188702e-01
2.09704640e-01,3.85876933e-01
2.24780583e-01,3.83210531e-01
2.40940356e-01,3.80256562e-01
2.58261876e-01,3.77081097e-01
2.76828663e-01,3.73747091e-01
2.96730241e-01,3.70312504e-01
3.18062569e-01,3.66828759e-01
3.40928507e-01,3.63339569e-01
3.65438307e-01,3.59880172e-01
3.91710149e-01,3.56476958e-01
4.19870708e-01,3.53147447e-01
4.50055768e-01,3.49900595e-01
4.82410870e-01,3.46737341e-01
5.17092024e-01,3.43651329e-01
5.54266452e-01,3.40629773e-01
5.94113398e-01,3.37654361e-01
6.36824994e-01,3.96167311e-01
6.82607183e-01,4.37223856e-01
7.31680714e-01,4.20455553e-01
7.84282206e-01,4.04474202e-01
8.40665289e-01,3.89279214e-01
9.01101825e-01,3.74862636e-01
9.65883224e-01,3.61210440e-01
1.03532184e+00,3.48303697e-01
1.10975250e+00,3.36119625e-01
1.18953407e+00,3.24632523e-01
1.27505124e+00,3.13814580e-01
1.36671636e+00,3.03636585e-01
1.46497140e+00,2.94068520e-01
1.57029012e+00,2.85080062e-01
1.68318035e+00,2.78276405e-01
1.80418641e+00,2.71914204e-01
1.93389175e+00,2.65152635e-01
2.07292178e+00,2.58112329e-01
2.22194686e+00,2.55114763e-01
2.38168555e+00,2.56996770e-01
2.55290807e+00,2.60907410e-01
2.73644000e+00,2.63749634e-01
2.93316628e+00,2.65369662e-01
3.14403547e+00,2.65604149e-01
3.37006433e+00,2.64280334e-01
3.61234270e+00,2.61216228e-01
3.87203878e+00,2.56491322e-01
4.15040476e+00,2.52835084e-01
4.44878283e+00,2.48193395e-01
4.76861170e+00,2.42615669e-01
5.11143348e+00,2.36212581e-01
5.47890118e+00,2.29115851e-01
5.87278661e+00,2.21467473e-01
6.29498899e+00,2.13409322e-01
6.74754405e+00,2.29930989e-01
7.23263390e+00,2.80060553e-01
7.75259749e+00,3.34723929e-01
8.30994195e+00,3.94162755e-01
8.90735464e+00,4.58649773e-01
9.54771611e+00,5.28490948e-01
1.02341140e+01,6.04028321e-01
1.09698580e+01,6.40778921e-01
1.17584955e+01,6.10455185e-01
1.26038293e+01,5.81815651e-01
1.35099352e+01,5.54795357e-01
1.44811823e+01,5.29327419e-01
1.55222536e+01,5.05343837e-01
1.66381689e+01,4.82776211e-01
1.78343088e+01,4.61556370e-01
1.91164408e+01,4.41616917e-01
2.04907469e+01,4.22891666e-01
2.19638537e+01,4.05316009e-01
2.35428641e+01,3.88827200e-01
2.52353917e+01,3.73364574e-01
2.70495973e+01,3.58869703e-01
2.89942285e+01,3.45286507e-01
3.10786619e+01,3.32561318e-01
3.33129479e+01,3.20642912e-01
3.57078596e+01,3.09482508e-01
3.82749448e+01,2.99033750e-01
4.10265811e+01,2.89252660e-01
4.39760361e+01,2.80097587e-01
4.71375313e+01,2.71529138e-01
5.05263107e+01,2.63510105e-01
5.41587138e+01,2.56005381e-01
5.80522552e+01,2.48981880e-01
6.22257084e+01,2.42408446e-01
6.66991966e+01,2.36255774e-01
7.14942899e+01,2.30496314e-01
7.66341087e+01,2.25104199e-01
8.21434358e+01,2.20055151e-01
8.80488358e+01,2.15326415e-01
9.43787828e+01,2.10896674e-01
1.01163798e+02,2.06745978e-01
1.08436597e+02,2.02855675e-01
1.16232247e+02,1.99208333e-01
1.24588336e+02,1.95787669e-01
1.33545156e+02,1.92578472e-01
1.43145894e+02,1.89566551e-01
1.53436841e+02,1.86738734e-01
1.64467618e+02,1.84082980e-01
1.76291412e+02,1.81588653e-01
1.88965234e+02,1.79246863e-01
2.02550194e+02,1.77050582e-01
2.17111795e+02,1.74994257e-01
2.32720248e+02,1.73072982e-01
2.49450814e+02,1.71281709e-01
2.67384162e+02,1.69614843e-01
2.86606762e+02,1.68066277e-01
3.07211300e+02,1.66629724e-01
3.29297126e+02,1.65299147e-01
3.52970730e+02,1.64069181e-01
3.78346262e+02,1.62935543e-01
4.05546074e+02,1.61895561e-01
4.34701316e+02,1.60949286e-01
4.65952567e+02,1.60104656e-01
4.99450512e+02,1.59398894e-01
5.35356668e+02,1.58723552e-01
5.73844165e+02,1.58069404e-01
6.15098579e+02,1.57433340e-01
6.59318827e+02,1.56812359e-01
7.06718127e+02,1.56203553e-01
7.57525026e+02,1.55604096e-01
8.11984499e+02,1.55011235e-01
8.70359136e+02,1.54422273e-01
9.32930403e+02,1.53834565e-01
1.00000000e+03,1.53256367e-01
