1.00000000e-03,4.99795588e-01
1.07189132e-03,4.99784495e-01
1.14895100e-03,4.99772606e-01
1.23155060e-03,4.99759863e-01
1.32008840e-03,4.99746206e-01
1.41499130e-03,4.99731569e-01
1.51671689e-03,4.99715881e-01
1.62575567e-03,4.99699069e-01
1.74263339e-03,4.99681050e-01
1.86791360e-03,4.99661739e-01
2.00220037e-03,4.99641043e-01
2.14614120e-03,4.99618864e-01
2.30043012e-03,4.99595094e-01
2.46581108e-03,4.99569622e-01
2.64308149e-03,4.99542324e-01
2.83309610e-03,4.99513071e-01
3.03677112e-03,4.99481724e-01
3.25508860e-03,4.99448132e-01
3.48910121e-03,4.99412136e-01
3.73993730e-03,4.99373565e-01
4.00880633e-03,4.99332235e-01
4.29700470e-03,4.99287950e-01
4.60592204e-03,4.99240501e-01
4.93704785e-03,4.99189663e-01
5.29197874e-03,4.99135194e-01
5.67242607e-03,4.99076838e-01
6.08022426e-03,4.99014320e-01
6.51733960e-03,4.98947346e-01
6.98587975e-03,4.98875599e-01
7.48810386e-03,4.98798745e-01
8.02643352e-03,4.98716423e-01
8.60346442e-03,4.98628248e-01
9.22197882e-03,4.98533810e-01
9.88495905e-03,4.98432669e-01
1.05956018e-02,4.98324356e-01
1.13573336e-02,4.98208371e-01
1.21738273e-02,4.98084178e-01
1.30490198e-02,4.97951207e-01
1.39871310e-02,4.97808849e-01
1.49926843e-02,4.97656454e-01
1.60705282e-02,4.97493330e-01
1.72258597e-02,4.97318739e-01
1.84642494e-02,4.97131895e-01
1.97916687e-02,4.96931961e-01
2.12145178e-02,4.96718046e-01
2.27396575e-02,4.96489202e-01
2.43744415e-02,4.96244421e-01
2.61267523e-02,4.95982635e-01
2.80050389e-02,4.95702705e-01
3.00183581e-02,4.95403427e-01
3.21764175e-02,4.95083522e-01
3.44896226e-02,4.94741636e-01
3.69691271e-02,4.94376338e-01
3.96268864e-02,4.93986111e-01
4.24757155e-02,4.93569357e-01
4.55293507e-02,4.93124388e-01
4.88025158e-02,4.92649426e-01
5.23109931e-02,4.92142602e-01
5.60716994e-02,4.91601951e-01
6.01027678e-02,4.91025411e-01
6.44236351e-02,4.90410827e-01
6.90551352e-02,4.89755945e-01
7.40196000e-02,4.89058413e-01
7.93409667e-02,4.88315789e-01
8.50448934e-02,4.87525536e-01
9.11588830e-02,4.86685030e-01
9.77124154e-02,4.85791566e-01
1.04737090e-01,4.84842363e-01
1.12266777e-01,4.83834575e-01
1.20337784e-01,4.82765303e-01
1.28989026e-01,4.81631603e-01
1.38262217e-01,4.80430513e-01
1.48202071e-01,4.79159059e-01
1.58856513e-01,4.77814290e-01
1.70276917e-01,4.76393295e-01
1.82518349e-01,4.74893233e-01
1.95639834e-01,4.73311372e-01
2.09704640e-01,4.71645119e-01
2.24780583e-01,4.69892065e-01
2.40940356e-01,4.68050026e-01
2.58261876e-01,4.66117099e-01
2.76828663e-01,4.64091704e-01
2.96730241e-01,4.61972650e-01
3.18062569e-01,4.59759188e-01
3.40928507e-01,4.57451075e-01
3.65438307e-01,4.55048638e-01
3.91710149e-01,4.52552836e-01
4.19870708e-01,4.49965329e-01
4.50055768e-01,4.47288543e-01
4.82410870e-01,4.44525734e-01
5.17092024e-01,4.41681050e-01
5.54266452e-01,4.38759602e-01
5.94113398e-01,4.35767524e-01
6.36824994e-01,4.32712052e-01
6.82607183e-01,4.29601607e-01
7.31680714e-01,4.26445914e-01
7.84282206e-01,4.23256156e-01
8.40665289e-01,4.20045206e-01
9.01101825e-01,4.16827987e-01
9.65883224e-01,4.13622014e-01
1.03532184e+00,4.10448251e-01
1.10975250e+00,4.07332429e-01
1.18953407e+00,4.04307109e-01
1.27505124e+00,4.01414891e-01
1.36671636e+00,3.98713421e-01
1.46497140e+00,3.96283284e-01
1.57029012e+00,3.94240553e-01
1.68318035e+00,3.92757310e-01
1.80418641e+00,3.92096839e-01
1.93389175e+00,3.92670215e-01
2.07292178e+00,3.94356256e-01
2.22194686e+00,3.95589378e-01
2.38168555e+00,3.96194409e-01
2.55290807e+00,3.96203137e-01
2.73644000e+00,3.95660407e-01
2.93316628e+00,3.94620645e-01
3.14403547e+00,3.93145991e-01
3.37006433e+00,3.91304280e-01
3.61234270e+00,3.89166868e-01
3.87203878e+00,3.86806354e-01
4.15040476e+00,3.84294334e-01
4.44878283e+00,3.81699307e-01
4.76861170e+00,3.79084830e-01
5.11143348e+00,3.76507999e-01
5.47890118e+00,3.74018309e-01
5.87278661e+00,3.71656906e-01
6.29498899e+00,3.69456240e-01
6.74754405e+00,3.67440071e-01
7.23263390e+00,3.65623783e-01
7.75259749e+00,3.64014950e-01
8.30994195e+00,3.62614087e-01
8.90735464e+00,3.61415509e-01
9.54771611e+00,3.60408264e-01
1.02341140e+01,4.12716582e-01
1.09698580e+01,4.48919723e-01
1.17584955e+01,4.31789281e-01
1.26038293e+01,4.15404273e-01
1.35099352e+01,3.99769468e-01
1.44811823e+01,3.84882597e-01
1.55222536e+01,3.70735531e-01
1.66381689e+01,3.57315325e-01
1.78343088e+01,3.56642216e-01
1.91164408e+01,3.56375168e-01
2.04907469e+01,3.56050555e-01
2.19638537e+01,3.55646448e-01
2.35428641e+01,3.55141883e-01
2.52353917e+01,3.54516863e-01
2.70495973e+01,3.53752314e-01
2.89942285e+01,3.52830030e-01
3.10786619e+01,3.51732594e-01
3.33129479e+01,3.50443286e-01
3.57078596e+01,3.48945984e-01
3.82749448e+01,3.47225057e-01
4.10265811e+01,3.45265257e-01
4.39760361e+01,3.43051606e-01
4.71375313e+01,3.40569293e-01
5.05263107e+01,3.37803551e-01
5.41587138e+01,3.34739556e-01
5.80522552e+01,3.31362310e-01
6.22257084e+01,3.27656525e-01
6.66991966e+01,3.23606505e-01
7.14942899e+01,3.19196025e-01
7.66341087e+01,3.14408206e-01
8.21434358e+01,3.09225397e-01
8.80488358e+01,3.03629080e-01
9.43787828e+01,2.97599838e-01
1.01163798e+02,2.91117468e-01
1.08436597e+02,2.84161461e-01
1.16232247e+02,2.76712371e-01
1.24588336e+02,2.68755968e-01
1.33545156e+02,2.60300525e-01
1.43145894e+02,2.51631490e-01
1.53436841e+02,2.54092120e-01
1.64467618e+02,2.58004903e-01
1.76291412e+02,2.60852066e-01
1.88965234e+02,2.62475672e-01
2.02550194e+02,2.62707985e-01
2.17111795e+02,2.61371703e-01
2.32720248e+02,2.60072871e-01
2.49450814e+02,2.57695999e-01
2.67384162e+02,2.54253504e-01
2.86606762e+02,2.49800649e-01
3.07211300e+02,2.44417754e-01
3.29297126e+02,2.38206793e-01
3.52970730e+02,2.31286022e-01
3.78346262e+02,2.23783117e-01
4.05546074e+02,2.15827769e-01
4.34701316e+02,2.37603599e-01
4.65952567e+02,2.88336818e-01
4.99450512e+02,3.43637989e-01
5.35356668e+02,4.03752313e-01
5.73844165e+02,4.68955962e-01
6.15098579e+02,5.39558322e-01
6.59318827e+02,6.15904949e-01
7.06718127e+02,6.40754335e-01
7.57525026e+02,6.10389039e-01
8.11984499e+02,5.81725169e-01
8.70359136e+02,5.54694874e-01
9.32930403e+02,5.29228732e-01
1.00000000e+03,5.05256528e-01
