1.00000000e-03,4.99421547e-01
1.07189132e-03,4.99383635e-01
1.14895100e-03,4.99343009e-01
1.23155060e-03,4.99299476e-01
1.32008840e-03,4.99252829e-01
1.41499130e-03,4.99202846e-01
1.51671689e-03,4.99149291e-01
1.62575567e-03,4.99091908e-01
1.74263339e-03,4.99030427e-01
1.86791360e-03,4.98964557e-01
2.00220037e-03,4.98893987e-01
2.14614120e-03,4.98818385e-01
2.30043012e-03,4.98737394e-01
2.46581108e-03,4.98650634e-01
2.64308149e-03,4.98557699e-01
2.83309610e-03,4.98458153e-01
3.03677112e-03,4.98351532e-01
3.25508860e-03,4.98237339e-01
3.48910121e-03,4.98115043e-01
3.73993730e-03,4.97984078e-01
4.00880633e-03,4.97843838e-01
4.29700470e-03,4.97693678e-01
4.60592204e-03,4.97532907e-01
4.93704785e-03,4.97360791e-01
5.29197874e-03,4.97176544e-01
5.67242607e-03,4.96979331e-01
6.08022426e-03,4.96768259e-01
6.51733960e-03,4.96542380e-01
6.98587975e-03,4.96300681e-01
7.48810386e-03,4.96042088e-01
8.02643352e-03,4.95765454e-01
8.60346442e-03,4.95469564e-01
9.22197882e-03,4.95153124e-01
9.88495905e-03,4.94814760e-01
1.05956018e-02,4.94453017e-01
1.13573336e-02,4.94066349e-01
1.21738273e-02,4.93653119e-01
1.30490198e-02,4.93211595e-01
1.39871310e-02,4.92739943e-01
1.49926843e-02,4.92236229e-01
1.60705282e-02,4.91698407e-01
1.72258597e-02,4.91124323e-01
1.84642494e-02,4.90511707e-01
1.97916687e-02,4.89858173e-01
2.12145178e-02,4.89161215e-01
2.27396575e-02,4.88418203e-01
2.43744415e-02,4.87626384e-01
2.61267523e-02,4.86782882e-01
2.80050389e-02,4.85884693e-01
3.00183581e-02,4.84928693e-01
3.21764175e-02,4.83911632e-01
3.44896226e-02,4.82830140e-01
3.69691271e-02,4.81680733e-01
3.96268864e-02,4.80459813e-01
4.24757155e-02,4.79163680e-01
4.55293507e-02,4.77788535e-01
4.88025158e-02,4.76330491e-01
5.23109931e-02,4.74785584e-01
5.60716994e-02,4.73149783e-01
6.01027678e-02,4.71419007e-01
6.44236351e-02,4.69589134e-01
6.90551352e-02,4.67656020e-01
7.40196000e-02,4.65615515e-01
7.93409667e-02,4.63463478e-01
8.50448934e-02,4.61195794e-01
9.11588830e-02,4.58808392e-01
9.77124154e-02,4.56297261e-01
1.04737090e-01,4.53658467e-01
1.12266777e-01,4.50888171e-01
1.20337784e-01,4.47982643e-01
1.28989026e-01,4.44938285e-01
1.38262217e-01,4.41751652e-01
1.48202071e-01,4.38419482e-01
1.58856513e-01,4.34938739e-01
1.70276917e-01,4.31306667e-01
1.82518349e-01,4.27520878e-01
1.95639834e-01,4.23579465e-01
2.09704640e-01,4.19481172e-01
2.24780583e-01,4.15225620e-01
2.40940356e-01,4.10813613e-01
2.58261876e-01,4.06247534e-01
2.76828663e-01,4.01531836e-01
2.96730241e-01,3.96673617e-01
3.18062569e-01,3.91683200e-01
3.40928507e-01,3.86574579e-01
3.65438307e-01,3.81365361e-01
3.91710149e-01,3.76075544e-01
4.19870708e-01,3.70723949e-01
4.50055768e-01,3.65320667e-01
4.82410870e-01,3.59854398e-01
5.17092024e-01,3.54276906e-01
5.54266452e-01,3.48493800e-01
5.94113398e-01,3.42374795e-01
6.36824994e-01,3.35786635e-01
6.82607183e-01,3.28632333e-01
7.31680714e-01,3.20875710e-01
7.84282206e-01,3.12547299e-01
8.40665289e-01,3.03742539e-01
9.01101825e-01,3.05795303e-01
9.65883224e-01,3.51122395e-01
1.03532184e+00,4.00902330e-01
1.10975250e+00,4.55386031e-01
1.18953407e+00,5.14839021e-01
1.27505124e+00,5.79544602e-01
1.36671636e+00,6.16671315e-01
1.46497140e+00,5.95839409e-01
1.57029012e+00,5.75250875e-01
1.68318035e+00,5.55033934e-01
1.80418641e+00,5.35294944e-01
1.93389175e+00,5.16120092e-01
2.07292178e+00,4.97577483e-01
2.22194686e+00,4.79719465e-01
2.38168555e+00,4.62585137e-01
2.55290807e+00,4.46202957e-01
2.73644000e+00,4.30593494e-01
2.93316628e+00,4.15772414e-01
3.14403547e+00,4.17103551e-01
3.37006433e+00,4.69540780e-01
3.61234270e+00,5.26558951e-01
3.87203878e+00,5.88400591e-01
4.15040476e+00,6.55349860e-01
4.44878283e+00,7.27745383e-01
4.76861170e+00,8.05997271e-01
5.11143348e+00,8.90611774e-01
5.47890118e+00,9.50864272e-01
5.87278661e+00,9.11251145e-01
6.29498899e+00,8.70519198e-01
6.74754405e+00,8.31401407e-01
7.23263390e+00,7.93816024e-01
7.75259749e+00,7.57724247e-01
8.30994195e+00,7.23107876e-01
8.90735464e+00,6.89956832e-01
9.54771611e+00,6.58262121e-01
1.02341140e+01,6.28011984e-01
1.09698580e+01,5.99189975e-01
1.17584955e+01,5.71774219e-01
1.26038293e+01,5.45737383e-01
1.35099352e+01,5.21047078e-01
1.44811823e+01,4.97666486e-01
1.55222536e+01,4.75555091e-01
1.66381689e+01,4.54669442e-01
1.78343088e+01,4.34963896e-01
1.91164408e+01,4.16391296e-01
2.04907469e+01,3.98903594e-01
2.19638537e+01,3.82452389e-01
2.35428641e+01,3.66989391e-01
2.52353917e+01,3.52466814e-01
2.70495973e+01,3.38837690e-01
2.89942285e+01,3.26056130e-01
3.10786619e+01,3.14077522e-01
3.33129479e+01,3.02858683e-01
3.57078596e+01,2.92357963e-01
3.82749448e+01,2.82535314e-01
4.10265811e+01,2.73352326e-01
4.39760361e+01,2.64772236e-01
4.71375313e+01,2.56759913e-01
5.05263107e+01,2.49281826e-01
5.41587138e+01,2.42305996e-01
5.80522552e+01,2.35801935e-01
6.22257084e+01,2.29740576e-01
6.66991966e+01,2.24094205e-01
7.14942899e+01,2.18836375e-01
7.66341087e+01,2.13938551e-01
8.21434358e+01,2.09370127e-01
8.80488358e+01,2.05110119e-01
9.43787828e+01,2.01138998e-01
1.01163798e+02,1.97438289e-01
1.08436597e+02,1.93990519e-01
1.16232247e+02,1.90779164e-01
1.24588336e+02,1.87788601e-01
1.33545156e+02,1.85004060e-01
1.43145894e+02,1.82411583e-01
1.53436841e+02,1.79997981e-01
1.64467618e+02,1.77750798e-01
1.76291412e+02,1.75658270e-01
1.88965234e+02,1.73709292e-01
2.02550194e+02,1.71915694e-01
2.17111795e+02,1.70335462e-01
2.32720248e+02,1.68969469e-01
2.49450814e+02,1.67795112e-01
2.67384162e+02,1.66742442e-01
2.86606762e+02,1.65746823e-01
3.07211300e+02,1.64803290e-01
3.29297126e+02,1.63907580e-01
3.52970730e+02,1.63055631e-01
3.78346262e+02,1.62243572e-01
4.05546074e+02,1.61467707e-01
4.34701316e+02,1.60724496e-01
4.65952567e+02,1.60010549e-01
4.99450512e+02,1.59322605e-01
5.35356668e+02,1.58657526e-01
5.73844165e+02,1.58012282e-01
6.15098579e+02,1.57383938e-01
6.59318827e+02,1.56769648e-01
7.06718127e+02,1.56166638e-01
7.57525026e+02,1.55572201e-01
8.11984499e+02,1.54983685e-01
8.70359136e+02,1.54398483e-01
9.32930403e+02,1.53838593e-01
1.00000000e+03,1.53299322e-01
