Al_99G,Am241_99G,Ar40_99G,B10_99G,B11_99G,Be9_99G,Cr52_99G,F19_99G,Fe56_99G,FG_CNat_99G,FG_H1_99G,graphite_99G,H2O_99G,Mn55_99G,N14_99G,Ni58_99G,Ni60_99G,O16_99G,PolyH1_99G,IM1_Air,IM1_Wood,IM1_Boral,IM1_BHDPE,IM1_HDPE,IM1_AmBe,IM1_Graphite,IM1_Steel,IM1_BF3
0.00000000e+00,0.00000000e+00,0.00000000e+00,0.00000000e+00,0.00000000e+00,0.00000000e+00,0.00000000e+00,0.00000000e+00,0.00000000e+00,0.00000000e+00,0.00000000e+00,2.94325576e-14,1.62715836e-17,0.00000000e+00,0.00000000e+00,0.00000000e+00,0.00000000e+00,0.00000000e+00,2.11193304e-17,0.00000000e+00,0.00000000e+00,0.00000000e+00,3.94095347e-11,2.81549246e-17,0.00000000e+00,2.35348934e-13,0.00000000e+00,0.00000000e+00
0.00000000e+00,0.00000000e+00,0.00000000e+00,0.00000000e+00,0.00000000e+00,0.00000000e+00,0.00000000e+00,0.00000000e+00,0.00000000e+00,0.00000000e+00,0.00000000e+00,1.82329359e-11,6.82012799e-14,0.00000000e+00,0.00000000e+00,0.00000000e+00,0.00000000e+00,0.00000000e+00,8.49536794e-14,0.00000000e+00,0.00000000e+00,0.00000000e+00,1.49918686e-08,1.18157886e-13,0.00000000e+00,1.16574596e-10,0.00000000e+00,0.00000000e+00
2.75898647e-07,9.30281494e-10,5.93643644e-06,6.89781833e-03,3.41650990e-09,1.77130456e-09,1.53941847e-06,2.07908701e-08,1.39705657e-06,4.54088326e-09,5.93295289e-11,3.63977007e-09,9.31947998e-11,1.51181106e-04,4.45485027e-08,1.26273068e-06,2.15747436e-05,1.15820828e-08,1.14438073e-10,4.10288111e-08,1.67032721e-10,1.98658558e-03,2.40526548e-06,1.66255446e-10,1.12863077e-09,1.86489132e-08,1.47542780e-06,5.26452023e-03
4.73444244e-06,3.68751466e-08,5.83301243e-05,4.73118337e-02,2.67067037e-07,1.93722564e-07,1.29338346e-05,6.64833645e-07,1.08743775e-05,3.07282855e-07,3.70423552e-08,2.48513530e-07,4.00506990e-08,9.02916880e-04,1.92609844e-06,9.43212605e-06,1.53764286e-04,4.88502895e-07,4.79108816e-08,1.76446120e-06,5.85213758e-08,1.54919690e-02,9.65359338e-05,5.68760662e-08,1.67829387e-07,1.02313016e-06,1.15061012e-05,3.01620228e-02
2.26263655e-05,4.45470752e-07,2.04100015e-04,8.57617293e-02,3.99781943e-06,3.80943872e-06,4.05423175e-05,4.95229744e-06,3.22447827e-05,4.08937025e-06,3.45036688e-06,3.90212568e-06,2.73693613e-06,2.19690658e-03,1.78689364e-05,2.70371156e-05,4.51913299e-04,4.48874527e-06,3.07513522e-06,1.63189288e-05,3.53062794e-06,3.49565926e-02,9.16960264e-04,3.13877722e-06,4.46269422e-06,1.29811252e-05,3.42997464e-05,5.27644304e-02
2.56170311e-04,1.61709862e-05,1.81898591e-03,1.93991121e-01,7.01643754e-05,7.04759393e-05,4.01419032e-04,7.12453906e-05,3.17760300e-04,6.99610240e-05,7.22380388e-05,7.37225952e-05,6.53119625e-05,1.40498327e-02,2.48188936e-04,2.65370472e-04,3.76144428e-03,6.93088835e-05,7.27035717e-05,2.28318652e-04,7.20198606e-05,1.10917125e-01,8.70948481e-03,7.25963070e-05,6.47835338e-05,2.10943149e-04,3.38137983e-04,1.43340488e-01
2.66341467e-03,1.16572153e-03,1.31322812e-02,2.55493873e-01,8.51774648e-04,8.54489737e-04,3.98841877e-03,8.64825440e-04,3.28968175e-03,8.49614606e-04,8.73734722e-04,8.90790857e-04,8.11330853e-04,5.83991892e-02,2.52980546e-03,2.82693112e-03,2.26601487e-02,8.43546796e-04,8.80828257e-04,2.35834294e-03,8.71848885e-04,2.07175092e-01,4.33647548e-02,8.79849064e-04,1.63529374e-03,2.21281195e-03,3.46598025e-03,2.31350491e-01
1.40478379e-02,4.11962628e-02,5.11452020e-02,2.09881158e-01,5.17527306e-03,5.18826911e-03,2.04104999e-02,5.24750295e-03,1.74343498e-02,5.16451149e-03,5.28911046e-03,5.38177479e-03,5.00820967e-03,1.44518323e-01,1.30940860e-02,1.53443461e-02,7.76170252e-02,5.13370821e-03,5.33078377e-03,1.23541348e-02,5.27908614e-03,2.40128103e-01,1.18858332e-01,5.32603850e-03,1.76063128e-02,1.17546183e-02,1.82228595e-02,2.34753347e-01
4.58474088e-02,2.26402753e-01,1.32061854e-01,1.28463508e-01,1.91814341e-02,1.92206061e-02,6.61322269e-02,1.94227006e-02,5.81257465e-02,1.91486957e-02,1.95217533e-02,1.98478980e-02,1.87603653e-02,2.57750174e-01,4.18068195e-02,5.21145785e-02,1.85258451e-01,1.90537404e-02,1.97069223e-02,3.98817538e-02,1.94924445e-02,2.06087033e-01,2.14665122e-01,1.96888544e-02,6.19968135e-02,3.86592497e-02,6.04133664e-02,1.78136348e-01
5.50576393e-02,2.99718438e-01,1.38659996e-01,4.45365030e-02,2.50621508e-02,2.51057983e-02,8.02686921e-02,2.53517438e-02,7.17616061e-02,2.50258935e-02,2.54389832e-02,2.58462771e-02,2.46822691e-02,2.03919369e-01,4.95217330e-02,6.49890926e-02,1.86138159e-01,2.49175887e-02,2.57278642e-02,4.75794654e-02,2.54099567e-02,9.48807310e-02,1.71062939e-01,2.57002673e-02,7.27265944e-02,4.65970513e-02,7.44073757e-02,7.24337377e-02
5.30679073e-02,2.14808976e-01,1.15951235e-01,1.56534636e-02,2.60003506e-02,2.60408940e-02,7.66616074e-02,2.62768967e-02,6.96764942e-02,2.59662884e-02,2.63483929e-02,2.67440134e-02,2.57146906e-02,1.25199629e-01,4.75950589e-02,6.37800500e-02,1.42753307e-01,2.58669429e-02,2.66611378e-02,4.59781767e-02,2.63232081e-02,4.17841839e-02,1.14415636e-01,2.66306388e-02,6.73331592e-02,4.53158588e-02,7.20171151e-02,2.80040138e-02
4.65985231e-02,1.11889389e-01,8.86032617e-02,6.04652586e-03,2.43205583e-02,2.43552266e-02,6.58369779e-02,2.45594979e-02,6.07456142e-02,2.42922467e-02,2.46184298e-02,2.49622404e-02,2.41230549e-02,7.08110779e-02,4.18975922e-02,5.61997889e-02,9.80579459e-02,2.42081060e-02,2.49080797e-02,4.06479086e-02,2.45977798e-02,1.93852134e-02,7.39478803e-02,2.48793679e-02,5.70563501e-02,4.01926674e-02,6.25610301e-02,1.14941826e-02
4.52698088e-02,5.54016065e-02,7.44180846e-02,2.81196834e-03,2.50933563e-02,2.51254381e-02,6.19350588e-02,2.53198855e-02,5.80129983e-02,2.50666403e-02,2.53683018e-02,2.57030553e-02,2.49325138e-02,4.38859531e-02,4.09223751e-02,5.42793798e-02,7.28250126e-02,2.49873786e-02,2.56596227e-02,3.98548753e-02,2.53503071e-02,1.05820615e-02,5.41986495e-02,2.56309831e-02,5.35731611e-02,3.94944193e-02,5.94995220e-02,5.58208915e-03
4.29458236e-02,2.61581416e-02,6.13175146e-02,1.38692059e-03,2.51954455e-02,2.52239381e-02,5.66958088e-02,2.54032533e-02,5.38718580e-02,2.51701273e-02,2.54517673e-02,2.57566128e-02,2.50781371e-02,2.72028267e-02,3.90828480e-02,5.09670218e-02,5.30995792e-02,2.50970620e-02,2.57257841e-02,3.81963871e-02,2.54347140e-02,6.02504140e-03,4.00281495e-02,2.56981694e-02,4.92790282e-02,3.79035775e-02,5.50204090e-02,2.85280641e-03
4.03135097e-02,1.21390224e-02,5.02860363e-02,7.24773497e-04,2.49452952e-02,2.49712692e-02,5.12724454e-02,2.51350640e-02,4.93800731e-02,2.49227549e-02,2.51775241e-02,2.54575503e-02,2.48612730e-02,1.70831532e-02,3.69611246e-02,4.72210685e-02,3.86442423e-02,2.48559323e-02,2.54340218e-02,3.62379874e-02,2.51623979e-02,3.58269994e-03,3.00358844e-02,2.54080561e-02,4.49817582e-02,3.60089844e-02,5.02235067e-02,1.53533335e-03
3.84360873e-02,5.71146578e-03,4.20397020e-02,4.03940354e-04,2.50280579e-02,2.50521387e-02,4.70368694e-02,2.52021950e-02,4.58909252e-02,2.50075486e-02,2.52497594e-02,2.55027726e-02,2.49739515e-02,1.10710934e-02,3.55206226e-02,4.43465128e-02,2.87202074e-02,2.49449297e-02,2.54835595e-02,3.49296177e-02,2.52344288e-02,2.24726292e-03,2.33165818e-02,2.54589146e-02,4.17809932e-02,3.47663197e-02,4.64815480e-02,8.77245033e-04
3.72653718e-02,2.74769318e-03,3.58010493e-02,2.37137151e-04,2.55032090e-02,2.55245067e-02,4.38233931e-02,2.56663624e-02,4.33032044e-02,2.54850027e-02,2.56931723e-02,2.59436915e-02,2.54635068e-02,7.37258964e-03,3.47271356e-02,4.22833761e-02,2.17639958e-02,2.54260731e-02,2.59272881e-02,3.42471746e-02,2.56820085e-02,1.47250728e-03,1.86403316e-02,2.59040948e-02,3.95051635e-02,3.41388408e-02,4.36777005e-02,5.26289660e-04
3.44098029e-02,1.30260084e-03,2.92381572e-02,1.39126394e-04,2.46830788e-02,2.47030318e-02,3.89125328e-02,2.48278537e-02,3.89120225e-02,2.46675526e-02,2.48526715e-02,2.50735663e-02,2.46698694e-02,4.78979639e-03,3.23377222e-02,3.83747794e-02,1.59120790e-02,2.46161377e-02,2.50601269e-02,3.19757261e-02,2.48426648e-02,9.54563293e-04,1.44630379e-02,2.50392310e-02,3.56560164e-02,3.19121816e-02,3.90914817e-02,3.14619727e-04
3.38028641e-02,6.54536766e-04,2.53939614e-02,8.83691594e-05,2.54066609e-02,2.54257681e-02,3.67163642e-02,2.55398027e-02,3.71558781e-02,2.53911961e-02,2.55754043e-02,2.57717079e-02,2.54209065e-02,3.31624501e-03,3.20464226e-02,3.70106627e-02,1.23593237e-02,2.53429155e-02,2.57603079e-02,3.17703748e-02,2.55639476e-02,6.66338535e-04,1.20097511e-02,2.57403429e-02,3.42498489e-02,3.17526549e-02,3.71754809e-02,2.03099122e-04
3.18249036e-02,3.25783006e-04,2.12178847e-02,5.55348927e-05,2.50276793e-02,2.50429473e-02,3.32073780e-02,2.51458182e-02,3.39929512e-02,2.50135499e-02,2.51663560e-02,2.53496633e-02,2.50541870e-02,2.23391591e-03,3.04388229e-02,3.41914165e-02,9.27020576e-03,2.49718747e-02,2.53394101e-02,3.02521906e-02,2.51581550e-02,4.56978996e-04,9.67297923e-03,2.53215644e-02,3.15693764e-02,3.02701011e-02,3.38752254e-02,1.29481389e-04
3.05150354e-02,1.67510561e-04,1.80848970e-02,3.62687176e-05,2.50890320e-02,2.51021383e-02,3.05790017e-02,2.51941872e-02,3.16576107e-02,2.50758436e-02,2.52167838e-02,2.53806331e-02,2.51343014e-02,1.54350299e-03,2.94493755e-02,3.21503726e-02,7.10222766e-03,2.50392688e-02,2.53683416e-02,2.93400532e-02,2.52087087e-02,3.23917890e-04,7.99420192e-03,2.53520664e-02,2.96577613e-02,2.94032231e-02,3.14225865e-02,8.56095442e-05
2.89488911e-02,8.72666925e-05,1.52864537e-02,2.39497082e-05,2.48586507e-02,2.48693020e-02,2.78602063e-02,2.49508668e-02,2.91630385e-02,2.48471682e-02,2.49612881e-02,2.51136116e-02,2.49166562e-02,1.06506010e-03,2.81912852e-02,2.98993898e-02,5.40794431e-03,2.48163271e-02,2.51016876e-02,2.81528747e-02,2.49558778e-02,2.30889896e-04,6.59030099e-03,2.50873049e-02,2.75879803e-02,2.82519501e-02,2.88327441e-02,5.71342829e-05
2.82455564e-02,4.72170601e-05,1.32789173e-02,1.64299295e-05,2.53410891e-02,2.53531918e-02,2.60819763e-02,2.54191333e-02,2.76058479e-02,2.53302272e-02,2.54502794e-02,2.55732601e-02,2.54259272e-02,7.56248085e-04,2.77654306e-02,2.85754056e-02,4.22949578e-03,2.53021658e-02,2.55595233e-02,2.77927225e-02,2.54420392e-02,1.70391148e-04,5.60759174e-03,2.55462596e-02,2.64050210e-02,2.79390857e-02,2.71843770e-02,3.95537084e-05
2.63037890e-02,2.52448330e-05,1.10449491e-02,1.10104757e-05,2.46285892e-02,2.46407012e-02,2.33133819e-02,2.46906852e-02,2.49419039e-02,2.46198624e-02,2.47348227e-02,2.48261450e-02,2.47314306e-02,5.18657516e-04,2.61006701e-02,2.60603270e-02,3.17772976e-03,2.45953070e-02,2.48128622e-02,2.61855236e-02,2.47251741e-02,1.22161975e-04,4.59531617e-03,2.48014088e-02,2.41452585e-02,2.63532976e-02,2.44649770e-02,2.67111229e-05
2.53071431e-02,1.40997016e-05,9.49492130e-03,7.70243855e-06,2.47132445e-02,2.47214424e-02,2.15210091e-02,2.47683152e-02,2.32709819e-02,2.47073853e-02,2.47691476e-02,2.48747822e-02,2.48043251e-02,3.68421380e-04,2.53471131e-02,2.45416432e-02,2.46807214e-03,2.46904647e-02,2.48622317e-02,2.54865412e-02,2.47670590e-02,9.11195775e-05,3.90643994e-03,2.48527950e-02,2.28094493e-02,2.56620309e-02,2.27362825e-02,1.88023670e-05
2.52919293e-02,8.20773392e-06,8.44494106e-03,5.59245922e-06,2.58030386e-02,2.58098373e-02,2.05956078e-02,2.58474743e-02,2.25169743e-02,2.57987114e-02,2.58450697e-02,2.59387591e-02,2.59022108e-02,2.69698939e-04,2.55839921e-02,2.39783251e-02,1.97688742e-03,2.57850832e-02,2.59264620e-02,2.57839251e-02,2.58439073e-02,7.04433173e-05,3.44713612e-03,2.59183011e-02,2.23782706e-02,2.59821429e-02,2.19097109e-02,1.37224064e-05
2.30129890e-02,4.56227936e-06,6.86584008e-03,3.79071448e-06,2.44995661e-02,2.45041532e-02,1.79565235e-02,2.45297244e-02,1.98411934e-02,2.44976417e-02,2.45207308e-02,2.45958533e-02,2.45999688e-02,1.82374580e-04,2.35115454e-02,2.13290633e-02,1.45373044e-03,2.44866502e-02,2.45860357e-02,2.37475059e-02,2.45212595e-02,5.05551362e-05,2.79681163e-03,2.45799810e-02,2.00142244e-02,2.39321336e-02,1.92291780e-02,9.33908139e-06
2.07115922e-02,2.58236102e-06,5.55371659e-03,2.59861514e-06,2.29586575e-02,2.29613502e-02,1.55123467e-02,2.29746940e-02,1.73132954e-02,2.29577888e-02,2.29715120e-02,2.30203736e-02,2.30622342e-02,1.23960344e-04,2.13648318e-02,1.87796469e-02,1.06895521e-03,2.29502059e-02,2.30128334e-02,2.16240581e-02,2.29717432e-02,3.65093437e-05,2.26617077e-03,2.30085814e-02,1.77283695e-02,2.17918450e-02,1.67156374e-02,6.41974511e-06
2.15732723e-03,2.92359278e-07,5.64867948e-04,2.68260562e-07,2.42120580e-03,2.42131080e-03,1.59625025e-03,2.42279691e-03,1.78545849e-03,2.42119243e-03,2.42080338e-03,2.42620605e-03,2.43401364e-03,1.24107012e-05,2.23401842e-03,1.94116481e-03,1.07249071e-04,2.42078150e-03,2.42570251e-03,2.26232385e-03,2.42116274e-03,3.77723349e-06,2.33686086e-04,2.42533955e-03,1.84467481e-03,2.27029951e-03,1.72219956e-03,6.64211397e-07
2.14866183e-02,1.49117937e-06,5.08009360e-03,1.95197989e-06,2.49616820e-02,2.49619138e-02,1.53336630e-02,2.49653127e-02,1.73175490e-02,2.49619092e-02,2.49564420e-02,2.49920899e-02,2.50780135e-02,9.20311307e-05,2.24120322e-02,1.89838694e-02,8.72308069e-04,2.49604530e-02,2.49835817e-02,2.27391384e-02,2.49582180e-02,2.91425755e-05,2.08036190e-03,2.49809469e-02,1.80455745e-02,2.29295280e-02,1.66448175e-02,4.83039135e-06
2.01092900e-02,8.93723957e-07,4.23888499e-03,1.38894766e-06,2.43956284e-02,2.43930169e-02,1.37188356e-02,2.43867794e-02,1.56618505e-02,2.43973939e-02,2.43719580e-02,2.43924720e-02,2.45140371e-02,6.39643276e-05,2.11974626e-02,1.73361846e-02,6.57149099e-04,2.43997505e-02,2.43850337e-02,2.15543590e-02,2.43752866e-02,2.17864029e-05,1.75236126e-03,2.43842168e-02,1.66099466e-02,2.17367626e-02,1.49911640e-02,3.43970903e-06
1.97264004e-02,5.63803821e-07,3.69452912e-03,1.03353640e-06,2.50232442e-02,2.50192888e-02,1.28431392e-02,2.50007428e-02,1.48257956e-02,2.50263979e-02,2.49910031e-02,2.49856212e-02,2.51506437e-02,4.62559314e-05,2.10228307e-02,1.65766139e-02,5.15591813e-04,2.50320906e-02,2.49816663e-02,2.14252314e-02,2.49940741e-02,1.70180067e-05,1.54694880e-03,2.49824661e-02,1.60201706e-02,2.16137083e-02,1.41302670e-02,2.55947018e-06
1.92659063e-02,3.59837402e-07,3.19125280e-03,7.64917551e-07,2.55993296e-02,2.55924420e-02,1.19419215e-02,2.55635527e-02,1.39452405e-02,2.56038756e-02,2.55435279e-02,2.55229574e-02,2.57314460e-02,3.30155961e-05,2.07693912e-02,1.57563224e-02,3.99522987e-04,2.56160444e-02,2.55200972e-02,2.12167190e-02,2.55488214e-02,1.32053877e-05,1.35966401e-03,2.55229288e-02,1.53767978e-02,2.14081969e-02,1.32315992e-02,1.89285473e-06
1.77656021e-02,2.24477488e-07,2.60322842e-03,5.40803311e-07,2.47307150e-02,2.47224286e-02,1.04772352e-02,2.46835372e-02,1.23762912e-02,2.47370947e-02,2.46614333e-02,2.46213322e-02,2.48621899e-02,2.23354219e-05,1.93784257e-02,1.41311845e-02,2.92599306e-04,2.47532373e-02,2.46202611e-02,1.98420293e-02,2.46675905e-02,9.75686375e-06,1.13438411e-03,2.46249095e-02,1.39442109e-02,2.00205806e-02,1.16901354e-02,1.33631438e-06
1.72113306e-02,1.47627909e-07,2.22289471e-03,4.00435846e-07,2.51389000e-02,2.51296466e-02,9.63934726e-03,2.50747186e-02,1.15223189e-02,2.51465878e-02,2.50639070e-02,2.49908778e-02,2.52734633e-02,1.57587273e-05,1.90052783e-02,1.32991488e-02,2.23671784e-04,2.51667159e-02,2.49932474e-02,1.95066091e-02,2.50692069e-02,7.54601209e-06,9.94670639e-04,2.49997798e-02,1.32822431e-02,1.96881394e-02,1.08328261e-02,9.87492027e-07
1.43780426e-02,8.90429628e-08,1.65070406e-03,2.63905387e-07,2.19644677e-02,2.19539889e-02,7.66665527e-03,2.18999620e-02,9.26557022e-03,2.19728696e-02,2.18755216e-02,2.18036029e-02,2.20847785e-02,9.82581685e-06,1.60640010e-02,1.08034352e-02,1.49847343e-04,2.19958540e-02,2.18045884e-02,1.65242900e-02,2.18828257e-02,5.16197795e-06,7.62010356e-04,2.18122107e-02,1.09294586e-02,1.66677510e-02,8.67296893e-03,6.49110550e-07
2.25330676e-03,1.49706957e-08,2.48871475e-04,4.01798410e-08,3.50161298e-03,3.50000715e-03,1.17878564e-03,3.49055217e-03,1.42954334e-03,3.50303621e-03,3.48805501e-03,3.47349209e-03,3.52329044e-03,1.42221526e-06,2.53160662e-03,1.67266237e-03,2.19398978e-05,3.50673641e-03,3.47427911e-03,2.60602812e-03,3.48910736e-03,7.86460944e-07,1.17570228e-04,3.47562534e-03,1.70924378e-03,2.61712387e-03,1.33606437e-03,9.86651742e-08
1.50347495e-02,5.79940325e-08,1.49021062e-03,2.02804630e-07,2.42792923e-02,2.42661113e-02,7.54246111e-03,2.41919345e-02,9.24153908e-03,2.42897365e-02,2.41662382e-02,2.40606826e-02,2.44076563e-02,7.09795252e-06,1.70412724e-02,1.09125876e-02,1.18782610e-04,2.43195463e-02,2.40634705e-02,1.75777356e-02,2.41747291e-02,4.16725495e-06,7.15581165e-04,2.40740315e-02,1.12121797e-02,1.77453206e-02,8.60326059e-03,4.97100664e-07
1.43547765e-02,3.95976566e-08,1.24196134e-03,1.48601947e-07,2.44163270e-02,2.44017764e-02,6.79845013e-03,2.43137828e-02,8.43627066e-03,2.44281219e-02,2.42875812e-02,2.41567009e-02,2.45414499e-02,4.85324914e-06,1.64957938e-02,1.00802021e-02,8.79362305e-05,2.44634650e-02,2.41628702e-02,1.70583264e-02,2.42968622e-02,3.17593634e-06,6.22968855e-04,2.41755127e-02,1.05253179e-02,1.72266198e-02,7.81358215e-03,3.62894956e-07
1.43838743e-02,2.83531704e-08,1.07320735e-03,1.12332003e-07,2.58906760e-02,2.58731624e-02,6.39454997e-03,2.57669491e-02,8.04592734e-03,2.59055070e-02,2.57301355e-02,2.55699755e-02,2.60168629e-02,3.39422564e-06,1.67792674e-02,9.73895154e-03,6.68449444e-05,2.59500279e-02,2.55790981e-02,1.73995320e-02,2.57419743e-02,2.50052703e-06,5.67099805e-04,2.55949314e-02,1.03560152e-02,1.75848944e-02,7.41041331e-03,2.73228064e-07
1.27750033e-02,1.88486447e-08,8.19306446e-04,7.60115967e-08,2.43769090e-02,2.43590401e-02,5.31723136e-03,2.42440540e-02,6.78587262e-03,2.43930669e-02,2.42127266e-02,2.40300071e-02,2.44882780e-02,2.09955969e-06,1.51420857e-02,8.32347865e-03,4.47954528e-05,2.44390234e-02,2.40432632e-02,1.57458503e-02,2.42241704e-02,1.75647207e-06,4.60360521e-04,2.40604659e-02,9.03877679e-03,1.59148611e-02,6.21384771e-03,1.84061942e-07
1.25896222e-02,1.36944108e-08,6.86019890e-04,5.59751382e-08,2.55803744e-02,2.55571922e-02,4.87939364e-03,2.54250043e-02,6.32303859e-03,2.55983792e-02,2.53756013e-02,2.51673796e-02,2.56866634e-02,1.40780795e-06,1.51791394e-02,7.86818123e-03,3.26306059e-05,2.56544768e-02,2.51809973e-02,1.58321256e-02,2.53904576e-02,1.34593244e-06,4.13619871e-04,2.52017611e-02,8.74150701e-03,1.60172850e-02,5.75393263e-03,1.34979145e-07
1.11623167e-03,1.45449475e-09,5.74491918e-05,4.83384232e-09,2.32337070e-03,2.32123209e-03,4.20056696e-04,2.30865685e-03,5.47061169e-04,2.32507619e-03,2.30446873e-03,2.28357223e-03,2.33457562e-03,1.11553615e-07,1.35726925e-03,6.84310716e-04,2.61263359e-06,2.33029916e-03,2.28551928e-03,1.41704310e-03,2.30585136e-03,1.15556145e-07,3.61667600e-05,2.28752655e-03,7.73649261e-04,1.42352587e-03,4.96671960e-04,1.16139192e-08
1.04898517e-02,8.33657288e-09,4.77017652e-04,3.42768124e-08,2.28592200e-02,2.28365525e-02,3.75034249e-03,2.27026351e-02,4.94283640e-03,2.28777762e-02,2.26564368e-02,2.24394322e-02,2.29427808e-02,7.69214260e-07,1.28980609e-02,6.24999160e-03,1.94308446e-05,2.29348379e-02,2.24586651e-02,1.34975654e-02,2.26709404e-02,8.58686097e-07,3.14475900e-04,2.24796918e-02,7.14573526e-03,1.36548488e-02,4.46654513e-03,8.22585084e-08
1.05184014e-02,6.27371167e-09,3.99194268e-04,2.52943695e-08,2.45945459e-02,2.45681856e-02,3.46727968e-03,2.44058065e-02,4.64814015e-03,2.46169154e-02,2.43587081e-02,2.40891628e-02,2.46632407e-02,5.10389593e-07,1.31893260e-02,5.97295065e-03,1.39556152e-05,2.46844618e-02,2.41209887e-02,1.38484386e-02,2.43748907e-02,6.59654674e-07,2.89319518e-04,2.41458449e-02,7.02919153e-03,1.40302721e-02,4.17075310e-03,6.04786477e-08
9.89576271e-03,4.53444064e-09,3.06016557e-04,1.71020692e-08,2.50760698e-02,2.50461543e-02,2.97099325e-03,2.48616126e-02,4.06041924e-03,2.51015339e-02,2.48098636e-02,2.44973623e-02,2.51212213e-02,3.05250858e-07,1.26942076e-02,5.31477430e-03,9.01585528e-06,2.51776829e-02,2.45410477e-02,1.33787567e-02,2.48277766e-02,4.64784669e-07,2.49936927e-04,2.45691673e-02,6.47946427e-03,1.35724804e-02,3.61415446e-03,4.07466195e-08
6.46917919e-04,3.69787525e-10,1.85028807e-05,1.07362778e-09,1.69177565e-03,1.68971619e-03,1.86476271e-04,1.67680517e-03,2.56613166e-04,1.69358038e-03,1.67330629e-03,1.65034380e-03,1.69587652e-03,1.72755884e-08,8.39363418e-04,3.38289117e-04,5.11619681e-07,1.69892738e-03,1.65402033e-03,8.85747629e-04,1.67457589e-03,2.89663088e-08,1.61376218e-05,1.65605347e-03,4.22817272e-04,8.90216625e-04,2.27678096e-04,2.54793299e-09
7.99580476e-03,2.80151676e-09,1.96379821e-04,9.69517930e-09,2.21805614e-02,2.21510958e-02,2.15677175e-03,2.19702516e-02,3.01211386e-03,2.22057147e-02,2.19146344e-02,2.16018397e-02,2.21989776e-02,1.50810842e-07,1.05302645e-02,4.02563639e-03,4.77409693e-06,2.22816422e-02,2.16490396e-02,1.11444324e-02,2.19326262e-02,2.75108677e-07,1.86681625e-04,2.16772230e-02,5.12834328e-03,1.13102324e-02,2.65661638e-03,2.30242715e-08
2.27789357e-04,1.01602593e-10,5.18902826e-06,2.67293285e-10,6.51284036e-04,6.50417664e-04,5.90381350e-05,6.44930574e-04,8.29918002e-05,6.52049683e-04,6.43418411e-04,6.33341635e-04,6.52206522e-04,3.78418847e-09,3.03390254e-04,1.11684308e-04,1.18717783e-07,6.54363163e-04,6.35103002e-04,3.21467054e-04,6.43951628e-04,7.51788182e-09,5.27856127e-06,6.35980436e-04,1.45962204e-04,3.23084804e-04,7.29690760e-05,6.32739239e-10
8.12854289e-03,2.13081760e-09,1.53439855e-04,6.56873017e-09,2.50539949e-02,2.50169773e-02,1.93793213e-03,2.47879228e-02,2.77483127e-03,2.50855307e-02,2.47194072e-02,2.43106793e-02,2.50321174e-02,9.02282667e-08,1.10340745e-02,3.79897214e-03,3.01397400e-06,2.51820690e-02,2.43819533e-02,1.17342870e-02,2.47414681e-02,1.95873892e-07,1.76061553e-04,2.44175118e-02,5.09252331e-03,1.19541266e-02,2.42164479e-03,1.55881416e-08
6.96990942e-03,1.48635762e-09,9.59554213e-05,3.59438854e-09,2.44253496e-02,2.43832702e-02,1.42826118e-03,2.41317365e-02,2.10752537e-03,2.44603175e-02,2.40562909e-02,2.35863463e-02,2.43527536e-02,4.37547050e-08,9.82433297e-03,2.97115022e-03,1.47159511e-06,2.45667536e-02,2.36817599e-02,1.05084308e-02,2.40801745e-02,1.12578624e-07,1.42270390e-04,2.37211527e-02,4.26003546e-03,1.07520690e-02,1.81585015e-03,8.53843281e-09
1.12642835e-03,2.82548217e-10,1.29169290e-05,4.91399503e-10,4.23777823e-03,4.23012253e-03,2.10297498e-04,4.18382339e-03,3.15508333e-04,4.24425043e-03,4.17121975e-03,4.07636963e-03,4.22465875e-03,5.47331764e-09,1.62730879e-03,4.52366332e-04,1.71183402e-07,4.26383555e-03,4.09900749e-03,1.74573101e-03,4.17550128e-03,1.54361072e-08,2.28559357e-05,4.10660139e-03,6.84878183e-04,1.76766081e-03,2.69798423e-04,1.16459889e-09
2.91852705e-03,5.30288139e-10,2.82789656e-05,9.65743873e-10,1.17679623e-02,1.17454290e-02,5.02321889e-04,1.16096098e-02,7.65956268e-04,1.17869224e-02,1.15727481e-02,1.12902440e-02,1.17117074e-02,1.07704768e-08,4.29996051e-03,1.11567030e-03,3.29878908e-07,1.18450762e-02,1.13607125e-02,4.62740335e-03,1.15850163e-02,3.15547793e-08,5.82825917e-05,1.13826778e-02,1.75151388e-03,4.73114013e-03,6.50472129e-04,2.29774072e-09
1.98152380e-03,3.06792248e-10,1.54443988e-05,4.94697977e-10,8.72953164e-03,8.71170778e-03,3.05346819e-04,8.60491631e-03,4.75143111e-04,8.74457919e-03,8.57782243e-03,8.34300953e-03,8.67562463e-03,5.51760834e-09,3.00226899e-03,7.06420144e-04,1.53521116e-07,8.79167716e-03,8.40488986e-03,3.24317150e-03,8.58712014e-03,1.66589880e-08,3.95909701e-05,8.42246701e-03,1.17760363e-03,3.33092928e-03,3.99855301e-04,1.18190185e-09
1.69656002e-03,2.08785890e-10,1.04613937e-05,3.11628001e-10,8.23574778e-03,8.21755957e-03,2.31613813e-04,8.11058487e-03,3.68406626e-04,8.25110109e-03,8.08581768e-03,7.84066763e-03,8.16910105e-03,3.59506650e-09,2.65059885e-03,5.60072613e-04,8.82704559e-08,8.29934869e-03,7.90693775e-03,2.87505903e-03,8.09472921e-03,1.08752590e-08,3.43337743e-05,7.92468623e-03,9.99495353e-04,2.98344414e-03,3.06967237e-04,7.49442027e-10
2.33659337e-03,1.92501915e-10,8.99486304e-06,2.32041101e-10,1.40731916e-02,1.40367580e-02,2.50119598e-04,1.38280070e-02,4.16917221e-04,1.41044713e-02,1.37982102e-02,1.32981147e-02,1.38922500e-02,3.10444763e-09,3.89233828e-03,6.64286539e-04,5.82171454e-08,1.42020337e-02,1.34301243e-02,4.26044988e-03,1.38131531e-02,8.72188332e-09,5.03615789e-05,1.34633025e-02,1.35337844e-03,4.62181601e-03,3.40409351e-04,5.71495332e-10
2.87670229e-04,1.53687264e-11,5.17554925e-07,1.41219131e-11,2.37862729e-03,2.37257674e-03,2.04680608e-05,2.32765601e-03,3.67439848e-05,2.38439867e-03,2.34199278e-03,2.23320773e-03,2.34071241e-03,2.16265852e-10,5.40188658e-04,6.31568993e-05,2.31572464e-09,2.40308137e-03,2.26053310e-03,5.97955229e-04,2.34341199e-03,5.71773351e-10,7.55901243e-06,2.26612428e-03,1.73671812e-04,6.93070262e-04,2.90220603e-05,3.53799977e-11