Al_99G,Am241_99G,Ar40_99G,B10_99G,B11_99G,Be9_99G,Cr52_99G,F19_99G,Fe56_99G,FG_CNat_99G,FG_H1_99G,graphite_99G,H2O_99G,Mn55_99G,N14_99G,Ni58_99G,Ni60_99G,O16_99G,PolyH1_99G,IM1_Air,IM1_Wood,IM1_Boral,IM1_BHDPE,IM1_HDPE,IM1_AmBe,IM1_Graphite,IM1_Steel,IM1_BF3
0.00000000e+00,9.65582116e-01,4.16515357e-02,2.60642358e-01,0.00000000e+00,0.00000000e+00,0.00000000e+00,0.00000000e+00,0.00000000e+00,0.00000000e+00,0.00000000e+00,2.69954410e-14,1.56164394e-17,5.54350129e-01,0.00000000e+00,0.00000000e+00,3.12159577e-01,0.00000000e+00,1.95217752e-17,0.00000000e+00,0.00000000e+00,3.35358843e-01,7.42441455e-04,2.62185961e-17,0.00000000e+00,4.68808046e-14,0.00000000e+00,4.67568233e-01
0.00000000e+00,3.42562311e-02,1.59561617e-01,3.83969231e-01,0.00000000e+00,0.00000000e+00,0.00000000e+00,0.00000000e+00,0.00000000e+00,0.00000000e+00,0.00000000e+00,1.68775864e-11,6.59014262e-14,3.41081644e-01,0.00000000e+00,0.00000000e+00,3.92993459e-01,0.00000000e+00,7.94745875e-14,0.00000000e+00,0.00000000e+00,3.94911328e-01,7.09364991e-03,1.11195185e-13,0.00000000e+00,2.76174312e-11,0.00000000e+00,3.74752362e-01
4.78844095e-06,1.60952742e-04,3.01719876e-01,2.43064888e-01,3.41569036e-09,1.76732458e-09,1.01261551e-01,2.10910170e-08,8.75293392e-02,4.54243312e-09,5.73152395e-11,3.39986573e-09,9.06236128e-11,9.00804317e-02,8.45499326e-08,7.04552390e-02,2.17097514e-01,1.15839024e-08,1.08303042e-10,7.36654003e-08,1.62693699e-10,1.99827917e-01,2.54891175e-02,1.58048228e-10,3.69650397e-10,5.23542705e-09,9.66468979e-02,1.28958511e-01
3.10715487e-05,6.92666610e-07,2.66151928e-01,8.87843700e-02,2.66715760e-07,1.93136994e-07,2.10683832e-01,6.69354954e-07,1.81064701e-01,3.07092147e-07,3.60684492e-08,2.34225769e-07,3.91786996e-08,1.29129712e-02,2.54327972e-06,1.47778754e-01,6.18089446e-02,4.88527930e-07,4.58540697e-08,2.27147868e-06,5.72931704e-08,5.77918811e-02,5.75919889e-02,5.45996432e-08,5.93838940e-08,3.39549161e-07,1.95731548e-01,2.51757828e-02
5.02470569e-05,7.44741620e-09,1.07023192e-01,1.65861704e-02,3.98760341e-06,3.79402104e-06,1.21835337e-01,4.94696781e-06,1.04970788e-01,4.08242075e-06,3.38304868e-06,3.70998792e-06,2.68976678e-06,1.34836540e-03,1.60445377e-05,8.65291753e-02,1.17429426e-02,4.48847066e-06,2.96993400e-06,1.47536817e-05,3.47180328e-06,9.11477500e-03,4.75033530e-02,3.03734342e-06,1.63630904e-06,5.06170782e-06,1.12262491e-01,2.91411446e-03
2.88124371e-04,2.31086933e-11,3.91445443e-02,4.28722826e-03,6.99662375e-05,7.01820859e-05,5.53542112e-02,7.09458493e-05,4.75614107e-02,6.98232109e-05,7.08003637e-05,7.05347850e-05,6.42669617e-05,1.67269873e-04,1.95596572e-04,3.95003965e-02,2.38185271e-03,6.93019223e-05,7.03544901e-05,1.83075712e-04,7.07771515e-05,1.97123806e-03,3.74359879e-02,7.03786805e-05,2.35161974e-05,9.31723899e-05,5.03837287e-02,4.58072741e-04
2.88261233e-03,8.95823111e-13,3.24138215e-02,1.69445014e-03,8.49735825e-04,8.51477417e-04,6.88414858e-02,8.61657231e-04,6.15439325e-02,8.48193106e-04,8.58519325e-04,8.57689883e-04,8.00221111e-04,4.63673822e-05,2.08446739e-03,5.31210001e-02,1.14919892e-03,8.43473959e-04,8.55925072e-04,1.96968606e-03,8.58811098e-04,6.94396914e-04,4.91286253e-02,8.56349381e-04,7.16710633e-04,1.11138298e-03,6.41033674e-02,1.28507051e-04
1.49532082e-02,6.04463991e-13,2.32876878e-02,6.29869601e-04,5.16472708e-03,5.17284879e-03,8.23916042e-02,5.23000533e-03,7.88175938e-02,5.15711342e-03,5.21013333e-03,5.21147365e-03,4.95068647e-03,1.04185011e-05,1.11774271e-02,7.29201399e-02,4.55281193e-04,5.13331740e-03,5.20014607e-03,1.06545329e-02,5.21183620e-03,2.27237974e-04,6.41480700e-02,5.20243612e-03,9.73492462e-03,6.62185179e-03,7.98340303e-02,3.34107296e-05
4.72189019e-02,6.49705837e-13,1.49822302e-02,2.26472005e-04,1.91478593e-02,1.91725810e-02,9.61050971e-02,1.93591196e-02,1.00488665e-01,1.91248488e-02,1.92788760e-02,1.93128951e-02,1.85864704e-02,2.00014792e-06,3.64807122e-02,1.01633574e-01,1.54001567e-04,1.90524026e-02,1.92545047e-02,3.50790814e-02,1.92857804e-02,7.17899359e-05,8.82604527e-02,1.92631523e-02,4.03764251e-02,2.41317615e-02,9.82786967e-02,8.34669038e-06
5.37531534e-02,3.29732034e-13,5.97054269e-03,5.75924424e-05,2.50201130e-02,2.50472824e-02,6.16745242e-02,2.52588484e-02,6.91551670e-02,2.49955866e-02,2.51549886e-02,2.52254318e-02,2.44802927e-02,2.86757794e-07,4.29747515e-02,7.48535391e-02,3.58813602e-05,2.49157643e-02,2.51435284e-02,4.16135186e-02,2.51645498e-02,1.64253872e-05,6.70792962e-02,2.51531310e-02,5.05480228e-02,3.10149122e-02,6.58457150e-02,1.57556520e-06
5.01615378e-02,1.78142248e-13,2.80173816e-03,2.24957731e-05,2.59589732e-02,2.59842703e-02,3.94233579e-02,2.61769647e-02,4.63258280e-02,2.59361812e-02,2.60801814e-02,2.61640670e-02,2.55206248e-02,6.88673822e-08,4.13691670e-02,5.25998363e-02,1.12723507e-05,2.58650526e-02,2.60807513e-02,4.02594191e-02,2.60890941e-02,5.99118106e-06,5.13835324e-02,2.60885032e-02,4.91884071e-02,3.17620597e-02,4.32477791e-02,5.11395385e-07
4.32856371e-02,1.04606248e-13,1.48476277e-03,1.08536232e-05,2.42839365e-02,2.43056557e-02,2.60519513e-02,2.44661969e-02,3.16650072e-02,2.42654423e-02,2.43869207e-02,2.44694088e-02,2.39506034e-02,2.25088536e-08,3.66087551e-02,3.72405925e-02,4.40013064e-06,2.42063787e-02,2.43945971e-02,3.57585177e-02,2.43943510e-02,2.75360375e-06,3.95895312e-02,2.44002654e-02,4.34014027e-02,2.93983586e-02,2.91273710e-02,2.16573949e-07
4.18006244e-02,7.51530058e-14,9.79884741e-04,6.75301270e-06,2.50581499e-02,2.50781400e-02,2.04568003e-02,2.52270237e-02,2.55386458e-02,2.50407695e-02,2.51489189e-02,2.52414906e-02,2.47663319e-02,1.02386496e-08,3.61130876e-02,3.08911295e-02,2.27111850e-06,2.49856822e-02,2.51651083e-02,3.53798067e-02,2.51569769e-02,1.64955085e-06,3.53659109e-02,2.51699261e-02,4.24889743e-02,3.00112240e-02,2.32132409e-02,1.21705547e-07
3.95705587e-02,5.55057532e-14,6.68578361e-04,4.40749219e-06,2.51625903e-02,2.51800722e-02,1.62396940e-02,2.53141689e-02,2.07540817e-02,2.51459048e-02,2.52492107e-02,2.53368188e-02,2.49221213e-02,5.11468261e-09,3.48482369e-02,2.57290145e-02,1.24826753e-06,2.50954511e-02,2.52646292e-02,3.42307455e-02,2.52558175e-02,1.04180458e-06,3.15016517e-02,2.52684239e-02,4.05975793e-02,2.98344357e-02,1.86674527e-02,7.26979305e-08
3.71641043e-02,4.21521935e-14,4.72073369e-04,3.00636236e-06,2.49151249e-02,2.49311993e-02,1.31014965e-02,2.50513599e-02,1.70927289e-02,2.49004475e-02,2.49931218e-02,2.50817006e-02,2.47167901e-02,2.79057221e-09,3.33021525e-02,2.16553776e-02,7.27921725e-07,2.48544311e-02,2.50115707e-02,3.27890667e-02,2.49992418e-02,6.90400732e-07,2.81623163e-02,2.50144994e-02,3.83730913e-02,2.92818970e-02,1.52319689e-02,4.58722812e-08
3.55284300e-02,3.34325872e-14,3.49898988e-04,2.16682179e-06,2.50001127e-02,2.50151998e-02,1.09480357e-02,2.51231113e-02,1.45514344e-02,2.49868342e-02,2.50801066e-02,2.51631462e-02,2.48389450e-02,1.67180531e-09,3.23502807e-02,1.88001187e-02,4.54093808e-07,2.49435212e-02,2.50932940e-02,3.19201928e-02,2.50841458e-02,4.84892957e-07,2.58306095e-02,2.50954282e-02,3.68472948e-02,2.91551907e-02,1.28587226e-02,3.08331160e-08
3.45940234e-02,2.74791190e-14,2.69498135e-04,1.62992437e-06,2.54770940e-02,2.54901452e-02,9.42491488e-03,2.55910898e-02,1.27463470e-02,2.54655987e-02,2.55357069e-02,2.56347038e-02,2.53361310e-02,1.07907110e-09,3.19797794e-02,1.67704268e-02,2.98051082e-07,2.54247407e-02,2.55635769e-02,3.16182408e-02,2.55423872e-02,3.56122073e-07,2.42526428e-02,2.55654080e-02,3.59839068e-02,2.94984810e-02,1.11756304e-02,2.17459138e-08
3.20846335e-02,2.18612708e-14,2.01481783e-04,1.19448177e-06,2.46599041e-02,2.46726739e-02,7.81110559e-03,2.47598704e-02,1.07350645e-02,2.46502934e-02,2.47138190e-02,2.48074941e-02,2.45546255e-02,6.99874974e-10,3.00860638e-02,1.43646549e-02,1.92186265e-07,2.46149412e-02,2.47390554e-02,2.98020847e-02,2.47193868e-02,2.55269066e-07,2.17834507e-02,2.47402835e-02,3.34385679e-02,2.83383842e-02,9.34393082e-03,1.50184624e-08
3.17111756e-02,1.87652283e-14,1.62900665e-04,9.49445208e-07,2.53850475e-02,2.53975829e-02,6.95530738e-03,2.54753012e-02,9.70449604e-03,2.53750627e-02,2.54466097e-02,2.55292990e-02,2.53116516e-02,5.06460495e-10,3.01443411e-02,1.31930698e-02,1.35369319e-07,2.53417865e-02,2.54617301e-02,2.99131594e-02,2.54495500e-02,1.98750600e-07,2.09173704e-02,2.54623944e-02,3.30874964e-02,2.89099264e-02,8.38928736e-03,1.12978843e-08
3.00373678e-02,1.55767266e-14,1.27461286e-04,7.31910384e-07,2.50084773e-02,2.50180284e-02,5.96866064e-03,2.50874726e-02,8.44927617e-03,2.49991807e-02,2.50527668e-02,2.51430119e-02,2.49544811e-02,3.64198625e-10,2.89323168e-02,1.16621669e-02,9.28885457e-08,2.49708590e-02,2.50756230e-02,2.87601031e-02,2.50571453e-02,1.50217630e-07,1.92905893e-02,2.50760342e-02,3.13528567e-02,2.83017178e-02,7.25638871e-03,8.26632710e-09
2.89963456e-02,1.32982997e-14,1.02712381e-04,5.82306950e-07,2.50718632e-02,2.50799754e-02,5.25029442e-03,2.51410124e-02,7.53548123e-03,2.50629608e-02,2.51159736e-02,2.52052497e-02,2.50423444e-02,2.76584519e-10,2.82879297e-02,1.05517835e-02,6.61486339e-08,2.50383484e-02,2.51337416e-02,2.81661946e-02,2.51189812e-02,1.17295292e-07,1.81688393e-02,2.51337417e-02,3.02636608e-02,2.82278560e-02,6.43126246e-03,6.26217212e-09
2.77011570e-02,1.13200506e-14,8.25773253e-05,4.63009684e-07,2.48436440e-02,2.48500475e-02,4.59119629e-03,2.49033886e-02,6.67740530e-03,2.48358730e-02,2.48740084e-02,2.49629122e-02,2.48330295e-02,2.14137486e-10,2.73601059e-02,9.48061180e-03,4.72899328e-08,2.48155104e-02,2.48980749e-02,2.72860587e-02,2.48780893e-02,9.16056803e-08,1.69610400e-02,2.48978513e-02,2.88942671e-02,2.76036780e-02,5.66477446e-03,4.75335093e-09
2.72382860e-02,9.97280929e-15,6.87087212e-05,3.81585469e-07,2.53278751e-02,2.53363612e-02,4.14504171e-03,2.53762663e-02,6.10679795e-03,2.53202443e-02,2.53742602e-02,2.54477527e-02,2.53488901e-02,1.74824462e-10,2.72354340e-02,8.78806854e-03,3.51589001e-08,2.53014337e-02,2.53814324e-02,2.72044602e-02,2.53742181e-02,7.41938898e-08,1.63164562e-02,2.53806023e-02,2.83912645e-02,2.79143815e-02,5.15046198e-03,3.74706056e-09
2.55557529e-02,8.43061072e-15,5.48668566e-05,3.02262745e-07,2.46176681e-02,2.46269182e-02,3.58230789e-03,2.46541675e-02,5.34419183e-03,2.46115732e-02,2.46729707e-02,2.47259143e-02,2.46635291e-02,1.39217878e-10,2.58622744e-02,7.79163682e-03,2.52157292e-08,2.45946886e-02,2.46674795e-02,2.58725424e-02,2.46698625e-02,5.77887522e-08,1.49939235e-02,2.46662099e-02,2.66082588e-02,2.67586257e-02,4.48172634e-03,2.84473072e-09
2.47858007e-02,7.40925325e-15,4.55753697e-05,2.49403538e-07,2.47042299e-02,2.47102096e-02,3.21113794e-03,2.47369529e-02,4.84862398e-03,2.47004999e-02,2.47192875e-02,2.48048728e-02,2.47438831e-02,1.16905529e-10,2.53756369e-02,7.15848218e-03,1.89219231e-08,2.46899392e-02,2.47438965e-02,2.54238125e-02,2.47223328e-02,4.69176415e-08,1.42556578e-02,2.47427989e-02,2.57622208e-02,2.67264106e-02,4.04382719e-03,2.25468902e-09
2.49938987e-02,6.78175502e-15,3.93551802e-05,2.14159202e-07,2.57957656e-02,2.58009568e-02,2.99306002e-03,2.58206313e-02,4.57448047e-03,2.57931018e-02,2.58062904e-02,2.58960888e-02,2.58482838e-02,1.03294449e-10,2.58952167e-02,6.83987381e-03,1.47907930e-08,2.57846403e-02,2.58326464e-02,2.59836848e-02,2.58089887e-02,3.96400705e-08,1.40961397e-02,2.58311773e-02,2.59326415e-02,2.76945510e-02,3.79415966e-03,1.86082535e-09
2.29273164e-02,5.66882104e-15,3.10128520e-05,1.68023266e-07,2.44945313e-02,2.44982093e-02,2.54243057e-03,2.45094175e-02,3.93242564e-03,2.44936972e-02,2.44956270e-02,2.45817283e-02,2.45556087e-02,8.41320732e-11,2.40372511e-02,5.95349488e-03,1.05970512e-08,2.44863225e-02,2.45240311e-02,2.41553275e-02,2.44984041e-02,3.06110952e-08,1.26868494e-02,2.45224615e-02,2.37404734e-02,2.60398402e-02,3.24391397e-03,1.40522366e-09
2.07967122e-02,4.72260031e-15,2.44200697e-05,1.31908889e-07,2.29555824e-02,2.29579610e-02,2.14712197e-03,2.29602560e-02,3.35826792e-03,2.29553078e-02,2.29582791e-02,2.30345397e-02,2.30267258e-02,6.88917832e-11,2.20495659e-02,5.14391572e-03,7.65807473e-09,2.29499807e-02,2.29785878e-02,2.21890639e-02,2.29593628e-02,2.36793083e-08,1.13076368e-02,2.29768875e-02,2.14903396e-02,2.42858612e-02,2.75622283e-03,1.06534889e-09
2.15551722e-03,4.68058174e-16,2.34578175e-06,1.26567363e-08,2.42084991e-03,2.42091435e-03,2.14202892e-04,2.42115933e-03,3.37053769e-04,2.42090660e-03,2.41930551e-03,2.42857987e-03,2.42882470e-03,6.77853448e-12,2.29895192e-03,5.19544538e-04,7.02861869e-10,2.42075590e-03,2.42268235e-03,2.31525665e-03,2.41968614e-03,2.25393914e-09,1.16103517e-03,2.42251622e-03,2.22445242e-03,2.54687676e-03,2.75873332e-04,1.00329252e-10
2.18076141e-02,4.51779925e-15,2.19226154e-05,1.18170282e-07,2.49605747e-02,2.49611854e-02,2.08167237e-03,2.49559643e-02,3.29625221e-03,2.49608691e-02,2.49558891e-02,2.50222618e-02,2.50504417e-02,6.50957162e-11,2.34113085e-02,5.11425750e-03,6.28084682e-09,2.49603209e-02,2.49767366e-02,2.35965029e-02,2.49570551e-02,2.08730287e-08,1.16313933e-02,2.49748312e-02,2.24769077e-02,2.57292965e-02,2.69016669e-03,9.19327620e-10
2.05994714e-02,3.92590954e-15,1.79202393e-05,9.65107538e-08,2.43964573e-02,2.43948289e-02,1.82825882e-03,2.43830895e-02,2.92854321e-03,2.43977944e-02,2.43833227e-02,2.44434091e-02,2.44955984e-02,5.61823777e-11,2.23754671e-02,4.59851130e-03,4.73943252e-09,2.43997181e-02,2.44053683e-02,2.25856903e-02,2.43846437e-02,1.67929510e-08,1.07931199e-02,2.44034094e-02,2.11768641e-02,2.47588990e-02,2.37753158e-03,7.25703054e-10
2.04128250e-02,3.58509499e-15,1.53717503e-05,8.28021269e-08,2.50261559e-02,2.50238651e-02,1.68485971e-03,2.50028873e-02,2.73014920e-03,2.50283397e-02,2.50154692e-02,2.50678454e-02,2.51419124e-02,5.11641974e-11,2.24386871e-02,4.33892343e-03,3.77180943e-09,2.50321623e-02,2.50310610e-02,2.26831880e-02,2.50150035e-02,1.41939930e-08,1.05078438e-02,2.50287451e-02,2.09285845e-02,2.51903173e-02,2.20482926e-03,6.02397844e-10
2.01505576e-02,3.26015970e-15,1.30871081e-05,7.05910530e-08,2.56044959e-02,2.56000012e-02,1.54403976e-03,2.55720762e-02,2.53185022e-03,2.56074880e-02,2.55821290e-02,2.56401743e-02,2.57336033e-02,4.65528012e-11,2.24251602e-02,4.07388443e-03,2.99085604e-09,2.56162295e-02,2.56008989e-02,2.27045602e-02,2.55822344e-02,1.19175738e-08,1.01860005e-02,2.55984769e-02,2.05964083e-02,2.55814190e-02,2.03362189e-03,4.96978049e-10
1.87756376e-02,2.80325597e-15,1.05164979e-05,5.68708397e-08,2.47377555e-02,2.47324239e-02,1.33565270e-03,2.46977305e-02,2.21644529e-03,2.47421090e-02,2.47114813e-02,2.47641231e-02,2.48742384e-02,4.01600095e-11,2.11578502e-02,3.61093370e-03,2.25338161e-09,2.47535214e-02,2.47273887e-02,2.14548941e-02,2.47110969e-02,9.45643662e-09,9.32026721e-03,2.47249500e-02,1.91300596e-02,2.44614540e-02,1.77059893e-03,3.87888270e-10
1.83966186e-02,2.53919718e-15,8.88725088e-06,4.82477980e-08,2.51482507e-02,2.51426845e-02,1.21499969e-03,2.50955643e-02,2.04055113e-03,2.51533182e-02,2.51284128e-02,2.51664802e-02,2.52974748e-02,3.65762297e-11,2.09970855e-02,3.36594817e-03,1.79945996e-09,2.51671178e-02,2.51325698e-02,2.13254682e-02,2.51254692e-02,7.90236915e-09,8.96796428e-03,2.51298084e-02,1.86837080e-02,2.45991078e-02,1.62117430e-03,3.19236989e-10
1.55157733e-02,1.98956099e-15,6.50434690e-06,3.54925875e-08,2.19742890e-02,2.19675428e-02,9.54355201e-04,2.19230284e-02,1.62138577e-03,2.19799805e-02,2.19421623e-02,2.19817574e-02,2.21133142e-02,2.88587763e-11,1.79273510e-02,2.70670981e-03,1.25716116e-09,2.19962907e-02,2.19507235e-02,1.82354629e-02,2.19409597e-02,5.73018944e-09,7.43320431e-03,2.19485008e-02,1.57040541e-02,2.12561843e-02,1.28137207e-03,2.28385835e-10
2.42527841e-03,2.98849710e-16,9.40017194e-07,5.14794574e-09,3.50316441e-03,3.50215017e-03,1.43431377e-04,3.49417887e-03,2.45238389e-04,3.50415901e-03,3.49869125e-03,3.50081250e-03,3.52624077e-03,4.35371043e-12,2.82159754e-03,4.12116228e-04,1.77652562e-10,3.50680522e-03,3.49882676e-03,2.87249072e-03,3.49828869e-03,8.24522099e-10,1.15088021e-03,3.49846898e-03,2.45035381e-03,3.29933652e-03,1.93243935e-04,3.26346362e-11
1.64550071e-02,1.94248633e-15,5.86094137e-06,3.22230002e-08,2.42926623e-02,2.42843799e-02,9.32524977e-04,2.42248717e-02,1.60546670e-03,2.42994710e-02,2.42553519e-02,2.42675048e-02,2.44548511e-02,2.84450079e-11,1.92893687e-02,2.71740907e-03,1.08587979e-09,2.43201598e-02,2.42586003e-02,1.96555860e-02,2.42526996e-02,5.11800598e-09,7.72689635e-03,2.42560118e-02,1.65903232e-02,2.26380482e-02,1.26108241e-03,2.01192085e-10
1.59106286e-02,1.74152200e-15,4.86441847e-06,2.69768028e-08,2.44320395e-02,2.44231083e-02,8.35042075e-04,2.43536487e-02,1.45568775e-03,2.44396034e-02,2.43911296e-02,2.43983493e-02,2.46026731e-02,2.57583902e-11,1.89092502e-02,2.49618546e-03,8.75792004e-10,2.44642004e-02,2.43901366e-02,1.93005501e-02,2.43875714e-02,4.22042105e-09,7.33216527e-03,2.43874393e-02,1.59813351e-02,2.25374518e-02,1.13689586e-03,1.64041233e-10
1.61741967e-02,1.63745448e-15,4.20437925e-06,2.35731246e-08,2.59100210e-02,2.58992825e-02,7.82316069e-04,2.58172413e-02,1.38209289e-03,2.59196865e-02,2.58562887e-02,2.58656972e-02,2.60992832e-02,2.44928064e-11,1.95081231e-02,2.40313385e-03,7.43580826e-10,2.59509485e-02,2.58556889e-02,1.99477592e-02,2.58526501e-02,3.63000359e-09,7.30587723e-03,2.58528747e-02,1.61790763e-02,2.36500059e-02,1.07282601e-03,1.39677546e-10
1.45657616e-02,1.36289161e-15,3.19946539e-06,1.81815448e-08,2.43975643e-02,2.43868126e-02,6.47223746e-04,2.42987306e-02,1.15948474e-03,2.44082425e-02,2.43464119e-02,2.43535701e-02,2.45808866e-02,2.06393869e-11,1.78453823e-02,2.04541391e-03,5.63282492e-10,2.44400187e-02,2.43373199e-02,1.82819343e-02,2.43414803e-02,2.75477681e-09,6.44453362e-03,2.43346746e-02,1.45089063e-02,2.21607610e-02,8.94289239e-04,1.05133725e-10
1.45875896e-02,1.26059107e-15,2.69093811e-06,1.55397280e-08,2.56049504e-02,2.55901058e-02,5.93529547e-04,2.54911160e-02,1.07883470e-03,2.56164733e-02,2.55332956e-02,2.55557738e-02,2.58037073e-02,1.93462420e-11,1.81676166e-02,1.93207943e-03,4.78879781e-10,2.56556744e-02,2.55273116e-02,1.86489292e-02,2.55289858e-02,2.31603129e-09,6.31662569e-03,2.55247559e-02,1.44643880e-02,2.30884025e-02,8.26553489e-04,8.78780715e-11
1.28892046e-03,1.06459273e-16,2.14485625e-07,1.25224420e-09,2.32557831e-03,2.32418909e-03,4.97947964e-05,2.31459301e-03,9.12895618e-05,2.32670154e-03,2.31871422e-03,2.32103252e-03,2.34382430e-03,1.64648622e-12,1.62092292e-03,1.64955611e-04,3.86747703e-11,2.33040675e-03,2.31804974e-03,1.66579281e-03,2.31827930e-03,1.84837067e-10,5.51202540e-04,2.31781255e-03,1.27482817e-03,2.08664995e-03,6.96661976e-05,6.99753237e-12
1.23575323e-02,9.79207329e-16,1.87256207e-06,1.10438416e-08,2.28838434e-02,2.28694206e-02,4.55185410e-04,2.27697751e-02,8.41090253e-04,2.28959383e-02,2.28133013e-02,2.27792815e-02,2.30645547e-02,1.52577506e-11,1.56832149e-02,1.53222131e-03,3.43475738e-10,2.29360496e-02,2.28047940e-02,1.61350921e-02,2.28087324e-02,1.61635106e-09,5.22333388e-03,2.28024674e-02,1.21926222e-02,1.92591893e-02,6.39546007e-04,6.11405906e-11
1.26227491e-02,9.22909366e-16,1.58591647e-06,9.56948004e-09,2.46241606e-02,2.46076006e-02,4.22760948e-04,2.44875052e-02,7.93584381e-04,2.46387950e-02,2.45458837e-02,2.45005312e-02,2.48174515e-02,1.45939796e-11,1.63169390e-02,1.46954344e-03,3.04569098e-10,2.46859315e-02,2.45334102e-02,1.68237391e-02,2.45394837e-02,1.37720478e-09,5.21387505e-03,2.45304738e-02,1.23962591e-02,2.03846236e-02,5.99061575e-04,5.21387886e-11
1.21238400e-02,8.11695624e-16,1.23207796e-06,7.65746269e-09,2.51098093e-02,2.50909332e-02,3.64496474e-04,2.49556942e-02,6.96621966e-04,2.51264991e-02,2.50212591e-02,2.49692700e-02,2.53047771e-02,1.30484325e-11,1.60078576e-02,1.31429636e-03,2.53827775e-10,2.51793705e-02,2.50077544e-02,1.65463100e-02,2.50138213e-02,1.08197804e-09,4.87957319e-03,2.50043847e-02,1.18450410e-02,2.03413343e-02,5.21534406e-04,4.11868876e-11
7.89878047e-04,5.03115522e-17,7.08514117e-08,4.49249768e-10,1.69403078e-03,1.69270883e-03,2.22895791e-05,1.68309818e-03,4.30550873e-05,1.69524924e-03,1.68748786e-03,1.68307698e-03,1.70716216e-03,8.16622301e-13,1.05598330e-03,8.21287262e-05,1.53363171e-11,1.69904028e-03,1.68656919e-03,1.09308810e-03,1.68698548e-03,6.28082078e-11,3.13235877e-04,1.68634307e-03,7.69577818e-04,1.33801169e-03,3.20761783e-05,2.40370607e-12
1.00132995e-02,6.08855753e-16,8.00505450e-07,5.17101955e-09,2.22137070e-02,2.21949713e-02,2.66303696e-04,2.20635773e-02,5.19482067e-04,2.22302753e-02,2.21203304e-02,2.19568527e-02,2.23851441e-02,9.97117161e-12,1.35483185e-02,1.00113528e-03,1.82230508e-10,2.22833124e-02,2.21070560e-02,1.40440392e-02,2.21136966e-02,7.16316634e-10,3.91465922e-03,2.21041575e-02,9.72969234e-03,1.56876334e-02,3.85260098e-04,2.75992964e-11
2.84118276e-04,1.65080206e-17,2.01475012e-08,1.33036335e-10,6.52245724e-04,6.51690670e-04,7.10748946e-06,6.47639778e-04,1.40072462e-05,6.52762348e-04,6.49408459e-04,6.44535639e-04,6.57226080e-04,2.72603493e-13,3.89177542e-04,2.72832542e-05,4.85537966e-12,6.54411653e-04,6.48950761e-04,4.03987120e-04,6.49196745e-04,1.82525722e-11,1.09518642e-04,6.48860433e-04,2.75412173e-04,4.55864114e-04,1.03388882e-05,7.09127699e-13
1.04743531e-02,5.75125927e-16,6.44940566e-07,4.36849865e-09,2.50962452e-02,2.50727540e-02,2.43555320e-04,2.49080133e-02,4.85888331e-04,2.51168836e-02,2.49782519e-02,2.47012851e-02,2.52812300e-02,9.60696431e-12,1.45670564e-02,9.58527685e-04,1.66967922e-10,2.51842138e-02,2.49587419e-02,1.51480386e-02,2.49697035e-02,5.93006802e-10,3.96548271e-03,2.49551553e-02,1.01222924e-02,1.61982774e-02,3.56628344e-04,2.33204995e-11
9.28065260e-03,4.52042947e-16,4.16126760e-07,3.01121056e-09,2.44719754e-02,2.44446508e-02,1.83154553e-04,2.42654239e-02,3.75636508e-04,2.44949676e-02,2.43373486e-02,2.40412321e-02,2.46375677e-02,7.72149871e-12,1.33571903e-02,7.62609224e-04,1.28614334e-10,2.45691375e-02,2.43115753e-02,1.39444752e-02,2.43283131e-02,3.99329124e-10,3.37469380e-03,2.43081307e-02,8.91762676e-03,1.51115891e-02,2.72219299e-04,1.62580428e-11
1.50506519e-03,6.76102935e-17,5.38930501e-08,4.12437830e-10,4.24598150e-03,4.24091407e-03,2.64407913e-05,4.20740829e-03,5.53017699e-05,4.25034955e-03,4.22054081e-03,4.16636113e-03,4.27230355e-03,1.17224337e-12,2.21987906e-03,1.14586153e-04,1.91050244e-11,4.26425600e-03,4.21418241e-03,2.32381375e-03,4.21885537e-03,5.38239592e-11,5.32218729e-04,4.21365954e-03,1.44247039e-03,2.56612151e-03,3.97135001e-05,2.25842908e-12
3.99292182e-03,1.69886958e-16,1.23798355e-07,9.83923041e-10,1.17925543e-02,1.17777246e-02,6.49595167e-05,1.16806470e-02,1.37590885e-04,1.18052217e-02,1.17186032e-02,1.15302457e-02,1.18617086e-02,2.97593438e-12,5.98781893e-03,2.88903844e-04,4.79940493e-11,1.18463417e-02,1.16959456e-02,6.27969400e-03,1.17136234e-02,1.27170837e-10,1.38470047e-03,1.16946925e-02,3.82213820e-03,6.70296501e-03,9.82222218e-05,5.44993134e-12
2.76470635e-03,1.08430858e-16,6.89990029e-08,5.84221264e-10,8.74889992e-03,8.73710176e-03,4.00277356e-05,8.66112554e-03,8.64094361e-05,8.75900345e-03,8.69125706e-03,8.51440035e-03,8.79536943e-03,1.92899772e-12,4.25251889e-03,1.85143442e-04,3.07112901e-11,8.79267788e-03,8.66661901e-03,4.47200167e-03,8.68717069e-03,7.44674965e-11,9.31134430e-04,8.66606776e-03,2.64508967e-03,4.60331286e-03,6.11300798e-05,3.29877852e-12
2.42524138e-03,8.72913604e-17,4.84153453e-08,4.40670485e-10,8.25531675e-03,8.24316351e-03,3.10776786e-05,8.16768288e-03,6.84268325e-05,8.26568954e-03,8.19854361e-03,8.01422572e-03,8.29344832e-03,1.57665071e-12,3.83275424e-03,1.49736745e-04,2.48521920e-11,8.30036455e-03,8.16515338e-03,4.04201764e-03,8.19428350e-03,5.54141514e-11,7.91464823e-04,8.16525145e-03,2.32308129e-03,4.16170985e-03,4.79510957e-05,2.53912523e-12
3.56322172e-03,1.05016363e-16,4.59064435e-08,4.87374648e-10,1.41130053e-02,1.40885793e-02,3.60386859e-05,1.39453598e-02,8.26701789e-05,1.41342236e-02,1.40173421e-02,1.35648076e-02,1.41636822e-02,1.94711806e-12,5.95312504e-03,1.88810185e-04,3.04214002e-11,1.42041215e-02,1.38950763e-02,6.31486062e-03,1.40078314e-02,5.96513318e-11,1.07427957e-03,1.38999219e-02,3.43328882e-03,6.11654587e-03,5.68505512e-05,2.88360129e-12
4.65554004e-04,8.48397002e-18,2.84737138e-09,4.32162905e-11,2.38618645e-03,2.38234493e-03,3.14066883e-06,2.35030393e-03,7.72910973e-06,2.39006672e-03,2.38159063e-03,2.24435059e-03,2.39223344e-03,2.32615190e-14,8.64820622e-04,1.89943898e-05,8.34325073e-13,2.40348377e-03,2.33350736e-03,9.25302907e-04,2.37857960e-03,4.90713474e-12,1.25689578e-04,2.33572186e-03,4.71158766e-04,7.67244804e-04,5.14626792e-06,1.48238718e-13