Al_99G,Am241_99G,Ar40_99G,B10_99G,B11_99G,Be9_99G,Cr52_99G,F19_99G,Fe56_99G,FG_CNat_99G,FG_H1_99G,graphite_99G,H2O_99G,Mn55_99G,N14_99G,Ni58_99G,Ni60_99G,O16_99G,PolyH1_99G,IM1_Air,IM1_Wood,IM1_Boral,IM1_BHDPE,IM1_HDPE,IM1_AmBe,IM1_Graphite,IM1_Steel,IM1_BF3
0.00000000e+00,0.00000000e+00,0.00000000e+00,0.00000000e+00,0.00000000e+00,0.00000000e+00,0.00000000e+00,0.00000000e+00,0.00000000e+00,0.00000000e+00,0.00000000e+00,2.80009949e-14,1.54629235e-17,0.00000000e+00,0.00000000e+00,0.00000000e+00,0.00000000e+00,0.00000000e+00,1.97371168e-17,0.00000000e+00,0.00000000e+00,0.00000000e+00,3.13210216e-15,2.63926810e-17,0.00000000e+00,8.61788567e-14,0.00000000e+00,0.00000000e+00
0.00000000e+00,0.00000000e+00,0.00000000e+00,0.00000000e+00,0.00000000e+00,0.00000000e+00,0.00000000e+00,0.00000000e+00,0.00000000e+00,0.00000000e+00,0.00000000e+00,1.74480467e-11,6.53029886e-14,0.00000000e+00,0.00000000e+00,0.00000000e+00,0.00000000e+00,0.00000000e+00,8.01826077e-14,0.00000000e+00,0.00000000e+00,0.00000000e+00,4.06521896e-12,1.11791743e-13,0.00000000e+00,4.80340941e-11,0.00000000e+00,0.00000000e+00
8.47592582e-08,2.05637335e-16,8.21485879e-08,5.01046612e-08,3.38825280e-09,1.75200149e-09,2.13411816e-07,2.03099527e-08,2.70219499e-07,4.51303725e-09,5.67956941e-11,3.50355471e-09,8.99106128e-11,1.48988246e-08,1.39184979e-08,3.14883677e-07,2.75134280e-08,1.15772590e-08,1.09084471e-10,1.39339065e-08,1.60553170e-10,5.45825488e-08,2.22362783e-09,1.58759882e-10,1.24948945e-10,8.64671233e-09,2.58023100e-07,5.39453211e-08
1.65359538e-06,3.94004445e-14,1.32929139e-06,2.77887430e-06,2.65139873e-07,1.91898261e-07,2.19475234e-06,6.51122970e-07,2.47629066e-06,3.05632809e-07,3.58369081e-08,2.40618889e-07,3.89321241e-08,2.82195244e-07,6.95672450e-07,2.69209662e-06,4.26168293e-07,4.88322769e-07,4.61233594e-08,6.85011135e-07,5.67630639e-08,2.38608490e-06,3.04063740e-07,5.48166237e-08,2.60758557e-08,5.33788520e-07,2.39514931e-06,2.00513908e-06
8.98185775e-06,2.30062269e-12,7.63700516e-06,3.95118976e-05,3.97314792e-06,3.77913238e-06,8.41400673e-06,4.86259991e-06,8.63942561e-06,4.07049392e-06,3.37161400e-06,3.80009265e-06,2.67831532e-06,2.16148037e-06,7.45111406e-06,8.82842189e-06,2.70990715e-06,4.48730348e-06,2.98575783e-06,7.23390552e-06,3.45449799e-06,2.93979753e-05,9.38833565e-06,3.04990413e-06,9.68276021e-07,7.61036032e-06,8.49307778e-06,2.22379398e-05
1.14793798e-04,4.03485945e-10,1.10556155e-04,5.50374396e-04,6.97857461e-05,6.99827428e-05,1.01667321e-04,7.01139396e-05,1.00032741e-04,6.96790561e-05,7.06243475e-05,7.20701984e-05,6.40538004e-05,4.29345306e-05,1.16722293e-04,9.90312875e-05,4.84323626e-05,6.92894286e-05,7.07396664e-05,1.13117550e-04,7.05191763e-05,4.25050979e-04,1.80084533e-04,7.06955850e-05,1.59910604e-05,1.34047200e-04,9.94440255e-05,3.34019823e-04
1.34523796e-03,1.40584338e-07,1.29604995e-03,4.35177006e-03,8.47841440e-04,8.49373416e-04,1.23298288e-03,8.52988929e-04,1.21705501e-03,8.46682849e-04,8.56409329e-04,8.74008785e-04,7.97505473e-04,5.56248104e-04,1.33864774e-03,1.20588948e-03,6.28384408e-04,8.43343489e-04,8.59876987e-04,1.30299084e-03,8.55823909e-04,3.55175991e-03,1.77539449e-03,8.59574995e-04,4.83502410e-04,1.51829017e-03,1.21098773e-03,2.92897367e-03
7.96915308e-03,2.40079207e-05,8.09003996e-03,1.92190931e-02,5.15526338e-03,5.16228461e-03,7.67972104e-03,5.18681271e-03,7.56541676e-03,5.14957803e-03,5.19796638e-03,5.29782192e-03,4.93399231e-03,4.15303165e-03,7.76026510e-03,7.47115204e-03,4.55981640e-03,5.13266712e-03,5.21825791e-03,7.57994583e-03,5.19528094e-03,1.66058401e-02,8.92282541e-03,5.21727497e-03,6.49545920e-03,8.64739499e-03,7.54827672e-03,1.44803418e-02
2.91108105e-02,6.37209470e-04,3.29901853e-02,5.62546171e-02,1.91212019e-02,1.91425604e-02,3.01778209e-02,1.92381076e-02,2.95112431e-02,1.91036755e-02,1.92375343e-02,1.95956944e-02,1.85268791e-02,2.17346840e-02,2.76243225e-02,2.89090177e-02,2.26804624e-02,1.90505811e-02,1.93240400e-02,2.70610859e-02,1.92325652e-02,5.19013803e-02,3.06740010e-02,1.93219995e-02,2.86857319e-02,3.03549586e-02,2.95877970e-02,4.84617170e-02
3.83261721e-02,3.96054120e-03,5.10695397e-02,7.15325669e-02,2.49973229e-02,2.50218788e-02,4.33271972e-02,2.51519570e-02,4.18200335e-02,2.49773977e-02,2.51223523e-02,2.55769101e-02,2.44212592e-02,4.46501231e-02,3.56185006e-02,4.04442583e-02,4.36685371e-02,2.49141726e-02,2.52793513e-02,3.49199895e-02,2.51218884e-02,6.98380672e-02,4.46221478e-02,2.52733414e-02,4.00851149e-02,3.85520834e-02,4.22156329e-02,6.91076994e-02
3.95179137e-02,1.20802494e-02,5.78399163e-02,7.07139069e-02,2.59429315e-02,2.59665465e-02,4.72789521e-02,2.60999403e-02,4.53374383e-02,2.59233306e-02,2.60596036e-02,2.65082110e-02,2.54761019e-02,6.06514384e-02,3.63183026e-02,4.35292052e-02,5.73323090e-02,2.58639140e-02,2.62464560e-02,3.56428973e-02,2.60615959e-02,7.15016462e-02,4.89631288e-02,2.62372375e-02,4.19697009e-02,3.89181813e-02,4.59631995e-02,7.31557058e-02
3.64699944e-02,2.31644226e-02,5.57891853e-02,6.24247105e-02,2.42734429e-02,2.42941919e-02,4.49758566e-02,2.44145072e-02,4.30264386e-02,2.42569981e-02,2.43757956e-02,2.47708385e-02,2.39226665e-02,6.50737443e-02,3.33687822e-02,4.11815504e-02,6.04875975e-02,2.42056203e-02,2.45591695e-02,3.27835153e-02,2.43787371e-02,6.44098857e-02,4.65627925e-02,2.45489993e-02,3.88950078e-02,3.54547440e-02,4.37174604e-02,6.70985126e-02
3.68690918e-02,3.72034725e-02,5.67169715e-02,5.92701035e-02,2.50501252e-02,2.50694104e-02,4.59929646e-02,2.51871004e-02,4.40383861e-02,2.50343007e-02,2.51412026e-02,2.55295687e-02,2.47453387e-02,6.93323007e-02,3.37203553e-02,4.21507024e-02,6.43771184e-02,2.49850982e-02,2.53342987e-02,3.31717576e-02,2.51458865e-02,6.17590984e-02,4.70981455e-02,2.53233275e-02,3.92350611e-02,3.55829149e-02,4.47748003e-02,6.48477454e-02
3.62076456e-02,5.07567253e-02,5.52050129e-02,5.47698021e-02,2.51567228e-02,2.51737315e-02,4.52911020e-02,2.52845590e-02,4.34516351e-02,2.51411635e-02,2.52444679e-02,2.56033725e-02,2.49076784e-02,6.90782505e-02,3.31690184e-02,4.16415163e-02,6.43522085e-02,2.50950198e-02,2.54309868e-02,3.26709317e-02,2.52486352e-02,5.73802821e-02,4.59829971e-02,2.54196334e-02,3.84041251e-02,3.47784487e-02,4.41782958e-02,6.04664980e-02
3.50377383e-02,6.17411823e-02,5.24415341e-02,4.99828143e-02,2.49110283e-02,2.49268178e-02,4.36860004e-02,2.50302399e-02,4.20203507e-02,2.48971246e-02,2.49907962e-02,2.53239141e-02,2.47080546e-02,6.60929654e-02,3.21915058e-02,4.03520988e-02,6.19489672e-02,2.48541255e-02,2.51709340e-02,3.17473526e-02,2.49952188e-02,5.24902398e-02,4.40420841e-02,2.51596469e-02,3.70201798e-02,3.35695974e-02,4.27044300e-02,5.53515340e-02
3.43316399e-02,7.01427034e-02,5.00516652e-02,4.61901773e-02,2.49973468e-02,2.50122814e-02,4.24752245e-02,2.51084525e-02,4.09835400e-02,2.49845796e-02,2.50794375e-02,2.53848136e-02,2.48343700e-02,6.27107809e-02,3.16653551e-02,3.94606954e-02,5.92950155e-02,2.49433108e-02,2.52462619e-02,3.12669045e-02,2.50823344e-02,4.85114147e-02,4.25288323e-02,2.52349769e-02,3.61131951e-02,3.28713128e-02,4.16180297e-02,5.10745028e-02
3.41396568e-02,7.61086529e-02,4.81892367e-02,4.33011807e-02,2.54753814e-02,2.54883766e-02,4.17659116e-02,2.55816156e-02,4.04453404e-02,2.54641917e-02,2.55362135e-02,2.58386295e-02,2.53347204e-02,5.94411908e-02,3.16327947e-02,3.90649023e-02,5.68120253e-02,2.54246065e-02,2.57112138e-02,3.12735037e-02,2.55421910e-02,4.54032623e-02,4.15395326e-02,2.57002766e-02,3.57311941e-02,3.26974414e-02,4.10281686e-02,4.76462290e-02
3.22684145e-02,7.59787753e-02,4.40591258e-02,3.87905489e-02,2.46592440e-02,2.46720690e-02,3.89786072e-02,2.47554461e-02,3.78802345e-02,2.46497293e-02,2.47157526e-02,2.49853480e-02,2.45571384e-02,5.33746845e-02,3.00475859e-02,3.67056420e-02,5.15381211e-02,2.46148817e-02,2.48742756e-02,2.97410071e-02,2.47210243e-02,4.05818648e-02,3.86109230e-02,2.48639943e-02,3.36230058e-02,3.09278750e-02,3.83827743e-02,4.24203561e-02
3.24009447e-02,7.64290889e-02,4.25486325e-02,3.68068766e-02,2.53851185e-02,2.53977680e-02,3.85379438e-02,2.54745465e-02,3.76035676e-02,2.53750893e-02,2.54491914e-02,2.56938409e-02,2.53163512e-02,5.01590529e-02,3.03372754e-02,3.65724203e-02,4.90497395e-02,2.53417806e-02,2.55917230e-02,3.00639480e-02,2.54521441e-02,3.83643571e-02,3.79634802e-02,2.55814503e-02,3.35865235e-02,3.11137940e-02,3.80504014e-02,3.98883037e-02
3.11481605e-02,7.21506275e-02,3.93150811e-02,3.35515990e-02,2.50092718e-02,2.50190088e-02,3.64419218e-02,2.50902379e-02,3.57008360e-02,2.49997884e-02,2.50562238e-02,2.52850445e-02,2.49620414e-02,4.50478129e-02,2.93319334e-02,3.48521736e-02,4.45887863e-02,2.49709051e-02,2.51948830e-02,2.91016320e-02,2.50608912e-02,3.48319484e-02,3.57689805e-02,2.51854020e-02,3.21300655e-02,2.99716357e-02,3.60738179e-02,3.60072878e-02
3.04627265e-02,6.72399298e-02,3.68619137e-02,3.11178320e-02,2.50732562e-02,2.50816077e-02,3.50049117e-02,2.51467379e-02,3.44371209e-02,2.50640506e-02,2.51200353e-02,2.53272273e-02,2.50522457e-02,4.08789382e-02,2.88605917e-02,3.37512787e-02,4.09895246e-02,2.50384379e-02,2.52440611e-02,2.86674351e-02,2.51235681e-02,3.21523838e-02,3.42335973e-02,2.52350317e-02,3.12658286e-02,2.93988417e-02,3.47434211e-02,3.30229276e-02
2.94513928e-02,6.07341705e-02,3.41258036e-02,2.85735910e-02,2.48455612e-02,2.48522532e-02,3.32077378e-02,2.49116891e-02,3.28085775e-02,2.48373843e-02,2.48786387e-02,2.50714149e-02,2.48452354e-02,3.65539756e-02,2.80765920e-02,3.22859077e-02,3.71329731e-02,2.48156378e-02,2.49982028e-02,2.79207115e-02,2.48834435e-02,2.93720553e-02,3.23816973e-02,2.49899050e-02,3.00775774e-02,2.85096615e-02,3.30474534e-02,2.99603462e-02
2.92685719e-02,5.49205526e-02,3.23768699e-02,2.69385229e-02,2.53302637e-02,2.53390741e-02,3.23313976e-02,2.53869520e-02,3.20871123e-02,2.53221370e-02,2.53792282e-02,2.55408075e-02,2.53630059e-02,3.33573290e-02,2.80887269e-02,3.17124356e-02,3.43630338e-02,2.53015959e-02,2.54735560e-02,2.79655722e-02,2.53801061e-02,2.75303650e-02,3.14282642e-02,2.54654042e-02,2.97412768e-02,2.84451411e-02,3.22649797e-02,2.78697272e-02
2.77444183e-02,4.70241329e-02,2.93120148e-02,2.42994891e-02,2.46204380e-02,2.46300527e-02,3.00147598e-02,2.46666932e-02,2.99195870e-02,2.46137717e-02,2.46784083e-02,2.48045284e-02,2.46797869e-02,2.90616474e-02,2.68068164e-02,2.96965680e-02,3.03363874e-02,2.45948779e-02,2.47477313e-02,2.67195397e-02,2.46763525e-02,2.46891193e-02,2.91306891e-02,2.47402129e-02,2.80619053e-02,2.70592510e-02,3.00333315e-02,2.48022911e-02
2.71531622e-02,4.06788237e-02,2.73405922e-02,2.26175287e-02,2.47073573e-02,2.47137310e-02,2.87362807e-02,2.47512702e-02,2.87760815e-02,2.47029871e-02,2.47250188e-02,2.48626666e-02,2.47619171e-02,2.60012704e-02,2.64146967e-02,2.86877022e-02,2.75219127e-02,2.46901547e-02,2.48147443e-02,2.63590354e-02,2.47292540e-02,2.28354794e-02,2.78365665e-02,2.48082493e-02,2.73209645e-02,2.65629870e-02,2.88326370e-02,2.27529949e-02
2.76051789e-02,3.56320012e-02,2.63818210e-02,2.18073341e-02,2.57992917e-02,2.58048994e-02,2.85227574e-02,2.58370338e-02,2.87031723e-02,2.57959138e-02,2.58121267e-02,2.59360785e-02,2.58679143e-02,2.39482042e-02,2.70533733e-02,2.87532817e-02,2.57368225e-02,2.57848860e-02,2.58956012e-02,2.70290211e-02,2.58161979e-02,2.18625377e-02,2.75640063e-02,2.58894549e-02,2.76251691e-02,2.71095941e-02,2.87024530e-02,2.15879011e-02
2.55413664e-02,2.85623164e-02,2.32118697e-02,1.92216581e-02,2.44982420e-02,2.45023632e-02,2.57702961e-02,2.45266472e-02,2.60551778e-02,2.44966551e-02,2.45018149e-02,2.46025334e-02,2.45768903e-02,2.01689482e-02,2.52187256e-02,2.62224796e-02,2.19744081e-02,2.44865806e-02,2.45741584e-02,2.52247782e-02,2.45060040e-02,1.91415312e-02,2.49014246e-02,2.45690315e-02,2.54405151e-02,2.51634240e-02,2.60040383e-02,1.87343077e-02
2.33481204e-02,2.25542067e-02,2.02095645e-02,1.67907672e-02,2.29593685e-02,2.29622068e-02,2.30149688e-02,2.29777763e-02,2.33745274e-02,2.29583237e-02,2.29647043e-02,2.30346334e-02,2.30490959e-02,1.68274934e-02,2.32224092e-02,2.36316787e-02,1.85745414e-02,2.29502434e-02,2.30169265e-02,2.32532351e-02,2.29671950e-02,1.66114267e-02,2.22477210e-02,2.30126826e-02,2.31561749e-02,2.30752844e-02,2.32847555e-02,1.61174439e-02
2.45146563e-03,2.61505855e-03,2.12450420e-03,1.77893182e-03,2.42139016e-03,2.42154318e-03,2.40831779e-03,2.42345598e-03,2.44490594e-03,2.42133062e-03,2.42069921e-03,2.42815728e-03,2.43310799e-03,1.79812165e-03,2.44469521e-03,2.47216055e-03,1.97022083e-03,2.42079122e-03,2.42698502e-03,2.44806739e-03,2.42123060e-03,1.76361178e-03,2.35986185e-03,2.42657484e-03,2.44047760e-03,2.41274124e-03,2.43548208e-03,1.71085702e-03
2.46421204e-02,1.93056054e-02,2.00661647e-02,1.67448488e-02,2.49647946e-02,2.49658833e-02,2.36015999e-02,2.49758035e-02,2.41072186e-02,2.49642401e-02,2.49622776e-02,2.50170683e-02,2.50741712e-02,1.57934318e-02,2.47207554e-02,2.45102845e-02,1.77333678e-02,2.49606170e-02,2.50062688e-02,2.47866127e-02,2.49650704e-02,1.64238634e-02,2.27762116e-02,2.50026098e-02,2.42922520e-02,2.44658439e-02,2.39578572e-02,1.57628776e-02
2.34328066e-02,1.50858598e-02,1.80428888e-02,1.51549459e-02,2.44007987e-02,2.43996609e-02,2.18447250e-02,2.44035160e-02,2.24283043e-02,2.44012630e-02,2.43898196e-02,2.44254049e-02,2.45199861e-02,1.35002175e-02,2.37007783e-02,2.29213689e-02,1.53841546e-02,2.44000228e-02,2.44237751e-02,2.37924210e-02,2.43928025e-02,1.47491167e-02,2.10924911e-02,2.44210181e-02,2.29869549e-02,2.33544607e-02,2.22404621e-02,1.40129345e-02
2.33552551e-02,1.20606218e-02,1.69427815e-02,1.43428063e-02,2.50307309e-02,2.50289412e-02,2.11546431e-02,2.50245518e-02,2.18393664e-02,2.50319990e-02,2.50219283e-02,2.50280245e-02,2.51669372e-02,1.20011422e-02,2.38267006e-02,2.24433506e-02,1.38935880e-02,2.50324849e-02,2.50383927e-02,2.39489019e-02,2.50232391e-02,1.38414699e-02,2.04303344e-02,2.50362384e-02,2.27912710e-02,2.33799886e-02,2.16058883e-02,1.30094279e-02
2.31846926e-02,9.40998896e-03,1.57886505e-02,1.34970982e-02,2.56092825e-02,2.56052971e-02,2.03632687e-02,2.55948779e-02,2.11447633e-02,2.56113206e-02,2.55885074e-02,2.55752587e-02,2.57590599e-02,1.05507447e-02,2.38689826e-02,2.18572654e-02,1.24168840e-02,2.56165684e-02,2.55959491e-02,2.40230704e-02,2.55904973e-02,1.29087958e-02,1.96795671e-02,2.55947475e-02,2.25005553e-02,2.33150381e-02,2.08665557e-02,1.19938584e-02
2.17295102e-02,6.89850107e-03,1.38851659e-02,1.20109016e-02,2.47425474e-02,2.47377293e-02,1.84930994e-02,2.47205234e-02,1.93148080e-02,2.47459447e-02,2.47178906e-02,2.46803535e-02,2.48996799e-02,8.75449201e-03,2.25813165e-02,2.00838622e-02,1.04683907e-02,2.47538603e-02,2.47107301e-02,2.27568612e-02,2.47193760e-02,1.13844799e-02,1.79075545e-02,2.47105075e-02,2.09816553e-02,2.19480180e-02,1.90124630e-02,1.04543197e-02
2.13964146e-02,5.20068392e-03,1.27802494e-02,1.12038188e-02,2.51531851e-02,2.51481352e-02,1.76109159e-02,2.51191435e-02,1.85075810e-02,2.51572712e-02,2.51346717e-02,2.50593668e-02,2.53228291e-02,7.57188449e-03,2.24557356e-02,1.93647364e-02,9.20816366e-03,2.51674679e-02,2.51026616e-02,2.26613547e-02,2.51336817e-02,1.05177500e-02,1.70849379e-02,2.51032555e-02,2.05500993e-02,2.17222866e-02,1.81687935e-02,9.53920506e-03
1.81535974e-02,3.45188237e-03,1.01886533e-02,9.06837167e-03,2.19788378e-02,2.19725984e-02,1.44755938e-02,2.19444913e-02,1.52981824e-02,2.19836161e-02,2.19485504e-02,2.18704304e-02,2.21375257e-02,5.70696498e-03,1.92329886e-02,1.60994133e-02,7.04117745e-03,2.19966105e-02,2.19147082e-02,1.94332442e-02,2.19490662e-02,8.43897403e-03,1.41002037e-02,2.19163258e-02,1.73607082e-02,1.84995025e-02,1.49804683e-02,7.56492492e-03
2.86858540e-03,5.41858508e-04,1.58956141e-03,1.43025457e-03,3.50406851e-03,3.50318817e-03,2.26463086e-03,3.49814873e-03,2.39512697e-03,3.50487249e-03,3.50068242e-03,3.48475028e-03,3.53255142e-03,8.87540884e-04,3.05222821e-03,2.52374141e-03,1.09345690e-03,3.50686566e-03,3.49310021e-03,3.08471834e-03,3.50053779e-03,1.33002887e-03,2.22665119e-03,3.49341815e-03,2.75061412e-03,2.91383051e-03,2.34404606e-03,1.18838604e-03
1.93259649e-02,2.61476699e-03,9.99521509e-03,9.06524529e-03,2.42975836e-02,2.42898129e-02,1.47939891e-02,2.42484165e-02,1.57517653e-02,2.43034142e-02,2.42613739e-02,2.41432489e-02,2.44784812e-02,5.18802724e-03,2.07174398e-02,1.67028578e-02,6.53018236e-03,2.43205091e-02,2.42035938e-02,2.09670122e-02,2.42606761e-02,8.33713503e-03,1.44516421e-02,2.42064894e-02,1.83634388e-02,1.98259963e-02,1.53739379e-02,7.36205554e-03
1.87622161e-02,1.83450609e-03,8.98806373e-03,8.31810684e-03,2.44369895e-02,2.44285632e-02,1.38138697e-02,2.43774120e-02,1.48103247e-02,2.44435720e-02,2.43968940e-02,2.42477316e-02,2.46246831e-02,4.34703885e-03,2.03417573e-02,1.58172374e-02,5.56997572e-03,2.44645525e-02,2.43209855e-02,2.06175902e-02,2.43953293e-02,7.56664188e-03,1.35561966e-02,2.43249663e-02,1.77314604e-02,1.93607467e-02,1.44103261e-02,6.58726972e-03
1.91356861e-02,1.29259004e-03,8.41480862e-03,7.97418154e-03,2.59151452e-02,2.59048979e-02,1.34876381e-02,2.58421155e-02,1.45736785e-02,2.59238031e-02,2.58614637e-02,2.56752908e-02,2.61189221e-02,3.75990565e-03,2.10062010e-02,1.56894770e-02,4.91331640e-03,2.59513158e-02,2.57659876e-02,2.13264351e-02,2.58599808e-02,7.16526966e-03,1.33079555e-02,2.57715793e-02,1.79740018e-02,1.98825941e-02,1.41307498e-02,6.13963694e-03
1.73081960e-02,7.97071378e-04,6.97149543e-03,6.79050376e-03,2.44024443e-02,2.43921717e-02,1.16554311e-02,2.43223136e-02,1.26943701e-02,2.44121596e-02,2.43514924e-02,2.41374925e-02,2.45980693e-02,2.87486135e-03,1.92538752e-02,1.37787164e-02,3.82911168e-03,2.44403673e-02,2.42378126e-02,1.95800051e-02,2.43485928e-02,6.02605685e-03,1.15918543e-02,2.42443547e-02,1.61721313e-02,1.81009717e-02,1.22642481e-02,5.07904791e-03
1.73823185e-02,5.20808274e-04,6.35120494e-03,6.38185727e-03,2.56098925e-02,2.55955012e-02,1.11294139e-02,2.55152827e-02,1.22294397e-02,2.56204486e-02,2.55376100e-02,2.52889337e-02,2.58170748e-02,2.39486238e-03,1.96148515e-02,1.33961539e-02,3.25804264e-03,2.56560303e-02,2.54051655e-02,1.99839837e-02,2.55354650e-02,5.58521572e-03,1.11662611e-02,2.54136484e-02,1.61396421e-02,1.83228790e-02,1.17677522e-02,4.62278226e-03
1.55760624e-03,4.28120582e-05,5.55037173e-04,5.68692975e-04,2.32619460e-03,2.32489769e-03,9.79665361e-04,2.31728495e-03,1.07822784e-03,2.32718745e-03,2.32004603e-03,2.29506611e-03,2.34723277e-03,2.05949084e-04,1.76963677e-03,1.18389287e-03,2.80473845e-04,2.33044777e-03,2.30693537e-03,1.80358788e-03,2.31978179e-03,4.96446474e-04,9.92923106e-04,2.30776881e-03,1.45159091e-03,1.63353755e-03,1.03638921e-03,4.08287211e-04
1.47926202e-02,2.73593967e-04,4.85106218e-03,5.06764084e-03,2.28883280e-02,2.28743423e-02,8.94404089e-03,2.27914665e-02,9.92426237e-03,2.28995384e-02,2.28176815e-02,2.25564819e-02,2.30748312e-02,1.65825687e-03,1.69701228e-02,1.09819831e-02,2.30635521e-03,2.29363699e-02,2.26789245e-02,1.73242782e-02,2.28150221e-02,4.36799283e-03,9.09139387e-03,2.26878771e-02,1.36595995e-02,1.57142611e-02,9.50676468e-03,3.54211306e-03
1.51338579e-02,1.68774850e-04,4.43530611e-03,4.82510369e-03,2.46286721e-02,2.46125043e-02,8.62445139e-03,2.45097429e-02,9.66828449e-03,2.46424288e-02,2.45491024e-02,2.42232780e-02,2.48214989e-02,1.36871082e-03,1.76535709e-02,1.08129364e-02,1.94767719e-03,2.46862578e-02,2.43782737e-02,1.80597760e-02,2.45447896e-02,4.09328082e-03,8.88978065e-03,2.43890099e-02,1.38871703e-02,1.62302290e-02,9.21824353e-03,3.25061216e-03
1.45629656e-02,9.04554203e-05,3.75013246e-03,4.29020903e-03,2.51141069e-02,2.50955663e-02,7.74621603e-03,2.49772179e-02,8.78684890e-03,2.51299704e-02,2.50233196e-02,2.46428957e-02,2.53015181e-02,1.02964942e-03,1.73214052e-02,9.94866993e-03,1.50259111e-03,2.51796846e-02,2.48264482e-02,1.77621437e-02,2.50180247e-02,3.57385522e-03,8.14026821e-03,2.48388893e-02,1.32785757e-02,1.57822622e-02,8.33241962e-03,2.77020743e-03
9.64156273e-04,4.99944090e-06,2.38476696e-04,2.80860012e-04,1.69446749e-03,1.69321351e-03,4.99279508e-04,1.68497887e-03,5.67981725e-04,1.69559276e-03,1.68844803e-03,1.66048625e-03,1.70879051e-03,6.33963504e-05,1.15755783e-03,6.45482819e-04,9.29033180e-05,1.69906904e-03,1.67416477e-03,1.18765189e-03,1.68806441e-03,2.32843032e-04,5.30523769e-04,1.67509099e-03,8.82843983e-04,1.03789258e-03,5.37662971e-04,1.78722612e-04
1.20687454e-02,3.83022990e-05,2.68427585e-03,3.26975361e-03,2.22174405e-02,2.21990160e-02,5.92862662e-03,2.20820972e-02,6.81492619e-03,2.22332850e-02,2.21224132e-02,2.17384821e-02,2.23776484e-02,6.46296191e-04,1.46820724e-02,7.82440806e-03,9.68883896e-04,2.22835831e-02,2.19238631e-02,1.50952753e-02,2.21176277e-02,2.66871530e-03,6.39931094e-03,2.19369623e-02,1.09439036e-02,1.32166370e-02,6.42240441e-03,2.01190412e-03
3.47982157e-04,9.16315726e-07,7.43555683e-05,9.33141623e-05,6.52413255e-04,6.51885182e-04,1.66424196e-04,6.48352469e-04,1.91834011e-04,6.52893861e-04,6.49789171e-04,6.37458517e-04,6.57734196e-04,1.73234004e-05,4.27293784e-04,2.21062897e-04,2.60792769e-05,6.54422588e-04,6.43489865e-04,4.39541813e-04,6.49621835e-04,7.57977772e-05,1.81500111e-04,6.43907484e-04,3.16968294e-04,3.78309585e-04,1.80469188e-04,5.65835415e-05
1.26091964e-02,1.81366434e-05,2.35441167e-03,3.09359985e-03,2.50996527e-02,2.50763207e-02,5.63548682e-03,2.49260606e-02,6.58312015e-03,2.51196635e-02,2.49771686e-02,2.44733561e-02,2.52578415e-02,4.85326621e-04,1.57487927e-02,7.68658093e-03,7.50680799e-04,2.51844719e-02,2.47187435e-02,1.62436676e-02,2.49707790e-02,2.46430329e-03,6.30633371e-03,2.47359118e-02,1.13519495e-02,1.40275426e-02,6.15779732e-03,1.79835733e-03
1.11704321e-02,6.15785199e-06,1.68314742e-03,2.44718751e-03,2.44746012e-02,2.44472945e-02,4.43839974e-03,2.42803266e-02,5.28862673e-03,2.44971371e-02,2.43339853e-02,2.37527680e-02,2.46012607e-02,2.87456183e-04,1.44196119e-02,6.30500554e-03,4.61017039e-04,2.45693455e-02,2.40387768e-02,1.49299450e-02,2.43270719e-02,1.89267255e-03,5.23678717e-03,2.40589764e-02,9.99342769e-03,1.26613461e-02,4.90148592e-03,1.32657415e-03
1.84617435e-03,5.89751425e-07,2.48029025e-04,3.87632962e-04,4.24688615e-03,4.24196291e-03,6.84950304e-04,4.21126209e-03,8.23946521e-04,4.25105958e-03,4.22241253e-03,4.10596547e-03,4.27122132e-03,3.81974945e-05,2.43372316e-03,9.93004545e-04,6.23296426e-05,4.26431488e-03,4.16407245e-03,2.52403747e-03,4.22101182e-03,2.95234661e-04,8.33277431e-04,4.16822990e-03,1.65965879e-03,2.08492194e-03,7.59841954e-04,2.01884619e-04
4.85601444e-03,9.32946284e-07,5.78566694e-04,9.57730621e-04,1.17943028e-02,1.17796701e-02,1.68706697e-03,1.16888721e-02,2.05277545e-03,1.18066157e-02,1.17203212e-02,1.13734167e-02,1.18474120e-02,8.03439332e-05,6.51461162e-03,2.50346588e-03,1.33619953e-04,1.18464628e-02,1.15464491e-02,6.77147128e-03,1.17162076e-02,7.17385232e-04,2.13554211e-03,1.15587715e-02,4.34693276e-03,5.58427316e-03,1.88314402e-03,4.80127777e-04
3.37032674e-03,3.45061677e-07,3.45372907e-04,6.23090509e-04,8.75022027e-03,8.73859731e-03,1.07298236e-03,8.66709187e-03,1.32325656e-03,8.76004845e-03,8.69302758e-03,8.40551866e-03,8.78338960e-03,4.21062806e-05,4.63419110e-03,1.63780336e-03,7.15412474e-05,8.79276665e-03,8.54767694e-03,4.82905970e-03,8.68955040e-03,4.57266901e-04,1.43277924e-03,8.55807873e-03,3.01999194e-03,3.93388468e-03,1.20586497e-03,2.97273846e-04
2.95133422e-03,1.59368173e-07,2.56037979e-04,5.09710212e-04,8.25638485e-03,8.24437234e-03,8.52103452e-04,8.17253185e-03,1.06679637e-03,8.26653451e-03,8.19980856e-03,7.90007320e-03,8.27764502e-03,2.70989162e-05,4.17034095e-03,1.34234243e-03,4.70464472e-05,8.30043613e-03,8.04570644e-03,4.35791865e-03,8.19610834e-03,3.65703421e-04,1.21864864e-03,8.05678714e-03,2.65014028e-03,3.52344723e-03,9.64913228e-04,2.30359924e-04
4.23749807e-03,8.30786694e-08,2.54960434e-04,6.30180716e-04,1.41123510e-02,1.40875778e-02,9.92272618e-04,1.39451983e-02,1.28758857e-03,1.41337724e-02,1.40101202e-02,1.33993252e-02,1.41000708e-02,2.02052706e-05,6.35413776e-03,1.68277748e-03,3.66653808e-05,1.42041003e-02,1.36765548e-02,6.68432361e-03,1.40017558e-02,4.30271474e-04,1.68762844e-03,1.36994381e-02,3.82191955e-03,5.44828806e-03,1.14541579e-03,2.53087211e-04
5.59235294e-04,4.24940178e-09,1.91901648e-05,7.42157471e-05,2.38623833e-03,2.38241262e-03,9.30913840e-05,2.35050384e-03,1.27397780e-04,2.39010414e-03,2.38154073e-03,2.24989507e-03,2.38186580e-03,9.39789880e-07,9.33165807e-04,1.76535012e-04,1.81468167e-06,2.40348587e-03,2.30332283e-03,9.89203180e-04,2.37866883e-03,4.69864255e-05,2.22568855e-04,2.30765844e-03,5.35800685e-04,8.13211806e-04,1.10421026e-04,2.46578809e-05