Al_99G,Am241_99G,Ar40_99G,B10_99G,B11_99G,Be9_99G,Cr52_99G,F19_99G,Fe56_99G,FG_CNat_99G,FG_H1_99G,graphite_99G,H2O_99G,Mn55_99G,N14_99G,Ni58_99G,Ni60_99G,O16_99G,PolyH1_99G,IM1_Air,IM1_Wood,IM1_Boral,IM1_BHDPE,IM1_HDPE,IM1_AmBe,IM1_Graphite,IM1_Steel,IM1_BF3
1.78691714e-13,9.97723127e-01,6.55038953e-02,9.92863946e-01,3.16697543e-18,5.55865107e-19,9.80344356e-06,8.47736461e-14,6.98334843e-11,4.75336682e-18,3.02696534e-17,2.70181412e-14,1.63155715e-17,6.86306973e-01,4.91633477e-26,2.76455617e-11,3.87114594e-01,3.63564007e-17,1.99998011e-17,4.75336682e-18,3.02696534e-17,1.78691714e-13,1.99998011e-17,1.99998011e-17,9.97723127e-01,2.70181412e-14,9.80344356e-06,9.92863946e-01
5.25482540e-12,2.27618496e-03,2.12547005e-01,7.11416573e-03,9.97233563e-17,1.75746798e-17,8.89276092e-05,2.11137387e-12,7.74930386e-10,1.50232201e-16,2.68877780e-16,1.68890681e-11,6.84411982e-14,2.65462366e-01,2.31174137e-24,3.74913931e-10,3.92198671e-01,1.12816049e-15,8.11499958e-14,1.50232201e-16,2.68877780e-16,5.25482540e-12,8.11499958e-14,8.11499958e-14,2.27618496e-03,1.68890681e-11,8.89276092e-05,7.11416573e-03
1.84604617e-02,6.87707847e-07,3.32060362e-01,2.18495289e-05,3.46199416e-09,1.79658848e-09,1.49895316e-01,2.24120248e-08,1.33236334e-01,4.58958692e-09,6.01295277e-11,3.40160427e-09,9.35240961e-11,4.39920109e-02,2.76659095e-06,1.14964890e-01,1.73553944e-01,1.15934060e-08,1.10199189e-10,4.58958692e-09,6.01295277e-11,1.84604617e-02,1.10199189e-10,1.10199189e-10,6.87707847e-07,3.40160427e-09,1.49895316e-01,2.18495289e-05
7.69200452e-02,1.90300523e-10,2.43860613e-01,3.86740224e-08,2.69619010e-07,1.95717430e-07,2.86090833e-01,6.97171588e-07,2.56663986e-01,3.09646426e-07,3.73865319e-08,2.34304710e-07,4.01678037e-08,3.95495033e-03,3.55007686e-05,2.26501496e-01,3.95670000e-02,4.88837473e-07,4.64867258e-08,3.09646426e-07,3.73865319e-08,7.69200452e-02,4.64867258e-08,4.64867258e-08,1.90300523e-10,2.34304710e-07,2.86090833e-01,3.86740224e-08
5.61708756e-02,1.31570871e-13,8.27469451e-02,3.50687846e-11,4.01992296e-06,3.83195491e-06,1.52086047e-01,5.08800627e-06,1.38730523e-01,4.10765651e-06,3.46535824e-06,3.71056629e-06,2.74041250e-06,2.59391135e-04,8.03590926e-05,1.24677099e-01,6.04086836e-03,4.49054824e-06,3.00066386e-06,4.10765651e-06,3.46535824e-06,5.61708756e-02,3.00066386e-06,3.00066386e-06,1.31570871e-13,3.71056629e-06,1.52086047e-01,3.50687846e-11
3.22707682e-02,2.93050521e-17,2.54122661e-02,3.15889379e-12,7.04273527e-05,7.07623779e-05,6.26691480e-02,7.25070634e-05,5.78518405e-02,7.01718691e-05,7.24304470e-05,7.05396953e-05,6.53290043e-05,2.01844387e-05,5.55708536e-04,5.28134691e-02,9.82141667e-04,6.93273279e-05,7.10143405e-05,7.01718691e-05,7.24304470e-05,3.22707682e-02,7.10143405e-05,7.10143405e-05,2.93050521e-17,7.05396953e-05,6.26691480e-02,3.15889379e-12
4.53383869e-02,3.79605650e-18,1.76348767e-02,3.10809400e-13,8.54539522e-04,8.57524216e-04,6.96943028e-02,8.77914839e-04,6.77718140e-02,8.51826146e-04,8.76221422e-04,8.57697358e-04,8.12165921e-04,3.53770553e-06,4.96097797e-03,6.45706119e-02,3.79809740e-04,8.43739351e-04,8.63050593e-04,8.51826146e-04,8.76221422e-04,4.53383869e-02,8.63050593e-04,8.63050593e-04,3.79605650e-18,8.57697358e-04,6.96943028e-02,3.10809400e-13
6.93855954e-02,9.67830477e-18,1.06120458e-02,1.95557762e-14,5.18900808e-03,5.20343753e-03,7.30621585e-02,5.31216771e-03,7.65595424e-02,5.17548191e-03,5.30420638e-03,5.21122872e-03,5.01634525e-03,5.11339404e-07,2.27090230e-02,7.78898846e-02,1.20843687e-04,5.13466218e-03,5.23982203e-03,5.17548191e-03,5.30420638e-03,6.93855954e-02,5.23982203e-03,5.23982203e-03,9.67830477e-18,5.21122872e-03,7.30621585e-02,1.95557762e-14
1.06035162e-01,1.02064259e-17,5.70656113e-03,1.25004065e-15,1.92193931e-02,1.92629561e-02,7.31439805e-02,1.96001605e-02,8.41214984e-02,1.91789340e-02,1.95751708e-02,1.93107239e-02,1.87980931e-02,6.55752689e-08,6.29819100e-02,9.28847168e-02,3.29214009e-05,1.90563626e-02,1.93861860e-02,1.91789340e-02,1.95751708e-02,1.06035162e-01,1.93861860e-02,1.93861860e-02,1.02064259e-17,1.93107239e-02,7.31439805e-02,1.25004065e-15
8.02719889e-02,4.53160129e-18,1.91730452e-03,1.01749637e-16,2.50921880e-02,2.51386192e-02,4.06636954e-02,2.55000052e-02,5.04706763e-02,2.50500390e-02,2.54722088e-02,2.52200256e-02,2.47110366e-02,6.79659105e-09,6.38171165e-02,5.94815203e-02,6.23254182e-06,2.49197455e-02,2.52743354e-02,2.50500390e-02,2.54722088e-02,8.02719889e-02,2.52743354e-02,2.52743354e-02,4.53160129e-18,2.52200256e-02,4.06636954e-02,1.01749637e-16
5.88467228e-02,2.31603211e-18,7.99234212e-04,2.81946778e-17,2.60193703e-02,2.60611454e-02,2.32507294e-02,2.63762581e-02,3.03538550e-02,2.59817337e-02,2.63608130e-02,2.61570577e-02,2.57244667e-02,1.47635870e-09,5.56078504e-02,3.74522159e-02,1.70500957e-06,2.58683657e-02,2.61846218e-02,2.59817337e-02,2.63608130e-02,5.88467228e-02,2.61846218e-02,2.61846218e-02,2.31603211e-18,2.61570577e-02,2.32507294e-02,2.81946778e-17
4.33512969e-02,1.31824634e-18,3.88430835e-04,1.22995605e-17,2.43312835e-02,2.43661625e-02,1.41207892e-02,2.46202948e-02,1.91152373e-02,2.43010956e-02,2.46169194e-02,2.44623418e-02,2.41148022e-02,4.94067510e-10,4.59732959e-02,2.43974508e-02,6.01511097e-07,2.42089577e-02,2.44714087e-02,2.43010956e-02,2.46169194e-02,4.33512969e-02,2.44714087e-02,2.44714087e-02,1.31824634e-18,2.44623418e-02,1.41207892e-02,1.22995605e-17
3.73347020e-02,9.42211825e-19,2.39974851e-04,7.56947639e-18,2.51002652e-02,2.51321714e-02,1.03810324e-02,2.53621920e-02,1.44577285e-02,2.50724312e-02,2.53616693e-02,2.52341605e-02,2.49159349e-02,2.49515407e-10,4.31873736e-02,1.89576221e-02,2.87873893e-07,2.49879593e-02,2.52302049e-02,2.50724312e-02,2.53616693e-02,3.73347020e-02,2.52302049e-02,2.52302049e-02,9.42211825e-19,2.52341605e-02,1.03810324e-02,7.56947639e-18
3.21892211e-02,6.93215029e-19,1.54611605e-04,5.08113831e-18,2.51992212e-02,2.52272423e-02,7.78272007e-03,2.54301252e-02,1.11120798e-02,2.51733984e-02,2.54412691e-02,2.53295916e-02,2.50549227e-02,1.45947113e-10,4.00083175e-02,1.49213222e-02,1.48425928e-07,2.50974174e-02,2.53182438e-02,2.51733984e-02,2.54412691e-02,3.21892211e-02,2.53182438e-02,2.53182438e-02,6.93215029e-19,2.53295916e-02,7.78272007e-03,5.08113831e-18
2.79711305e-02,5.25741929e-19,1.03838402e-04,3.64155532e-18,2.49466347e-02,2.49719258e-02,5.97297079e-03,2.51497461e-02,8.71753157e-03,2.49240613e-02,2.51643145e-02,2.50747908e-02,2.48330449e-02,9.57951015e-11,3.69342559e-02,1.19557663e-02,8.20376054e-08,2.48561104e-02,2.50549484e-02,2.49240613e-02,2.51643145e-02,2.79711305e-02,2.50549484e-02,2.50549484e-02,5.25741929e-19,2.50747908e-02,5.97297079e-03,3.64155532e-18
2.50245879e-02,4.18032652e-19,7.36268674e-05,2.79162932e-18,2.50276041e-02,2.50508680e-02,4.77520172e-03,2.52077213e-02,7.10873177e-03,2.50074035e-02,2.52349142e-02,2.51565577e-02,2.49423759e-02,6.95565402e-11,3.48247579e-02,9.93743868e-03,4.89336902e-08,2.49449754e-02,2.51286570e-02,2.50074035e-02,2.52349142e-02,2.50245879e-02,2.51286570e-02,2.51286570e-02,4.18032652e-19,2.51565577e-02,4.77520172e-03,2.79162932e-18
2.29790674e-02,3.45337282e-19,5.44579628e-05,2.25159826e-18,2.55013486e-02,2.55217411e-02,3.94811251e-03,2.56645680e-02,5.98704494e-03,2.54837145e-02,2.56773314e-02,2.56284322e-02,2.54295061e-02,5.42468505e-11,3.35214162e-02,8.52004352e-03,3.09255151e-08,2.54260133e-02,2.55923881e-02,2.54837145e-02,2.56773314e-02,2.29790674e-02,2.55923881e-02,2.55923881e-02,3.45337282e-19,2.56284322e-02,3.94811251e-03,2.25159826e-18
2.02256629e-02,2.75510465e-19,3.92155403e-05,1.77425379e-18,2.46800123e-02,2.46989864e-02,3.15255732e-03,2.48197294e-02,4.86347588e-03,2.46652838e-02,2.48359866e-02,2.48018153e-02,2.46336267e-02,4.19000870e-11,3.07751452e-02,7.03731266e-03,1.93204094e-08,2.46159870e-02,2.47604841e-02,2.46652838e-02,2.48359866e-02,2.02256629e-02,2.47604841e-02,2.47604841e-02,2.75510465e-19,2.48018153e-02,3.15255732e-03,1.77425379e-18
1.90775141e-02,2.38302698e-19,3.06413317e-05,1.51961715e-18,2.54026704e-02,2.54207627e-02,2.71334319e-03,2.55266746e-02,4.25388952e-03,2.53881701e-02,2.55584899e-02,2.55238149e-02,2.53831955e-02,3.54803923e-11,3.01721989e-02,6.25237309e-03,1.32791102e-08,2.53426933e-02,2.54782045e-02,2.53881701e-02,2.55584899e-02,1.90775141e-02,2.54782045e-02,2.54782045e-02,2.38302698e-19,2.55238149e-02,2.71334319e-03,1.51961715e-18
1.73042070e-02,1.98892183e-19,2.32052661e-05,1.26392826e-18,2.50229298e-02,2.50371557e-02,2.25440355e-03,2.51285192e-02,3.58952695e-03,2.50099007e-02,2.51492860e-02,2.51381197e-02,2.50150463e-02,2.93190147e-11,2.83663550e-02,5.35596082e-03,8.94167264e-09,2.49715933e-02,2.50865751e-02,2.50099007e-02,2.51492860e-02,1.73042070e-02,2.50865751e-02,2.50865751e-02,1.98892183e-19,2.51381197e-02,2.25440355e-03,1.26392826e-18
1.60558662e-02,1.70977799e-19,1.81384177e-05,1.08509497e-18,2.50836617e-02,2.50957155e-02,1.92420411e-03,2.51733794e-02,3.10927651e-03,2.50716815e-02,2.51998230e-02,2.52009219e-02,2.50939753e-02,2.50848714e-11,2.72116657e-02,4.70640051e-03,6.29065451e-09,2.50389378e-02,2.51400152e-02,2.50716815e-02,2.51998230e-02,1.60558662e-02,2.51400152e-02,2.51400152e-02,1.70977799e-19,2.52009219e-02,1.92420411e-03,1.08509497e-18
1.47845527e-02,1.46497543e-19,1.41665976e-05,9.30925993e-19,2.48528050e-02,2.48624048e-02,1.63528474e-03,2.49272743e-02,2.68020089e-03,2.48426109e-02,2.49445737e-02,2.49587322e-02,2.48753658e-02,2.14855038e-11,2.58505017e-02,4.11346439e-03,4.47186316e-09,2.48159572e-02,2.48999478e-02,2.48426109e-02,2.49445737e-02,1.47845527e-02,2.48999478e-02,2.48999478e-02,1.46497543e-19,2.49587322e-02,1.63528474e-03,9.30925993e-19
1.40451028e-02,1.30112124e-19,1.14666890e-05,8.28247093e-19,2.53347887e-02,2.53458499e-02,1.43677249e-03,2.53928120e-02,2.38760884e-03,2.53252895e-02,2.54340179e-02,2.54439378e-02,2.53837508e-02,1.91056474e-11,2.53019628e-02,3.71419300e-03,3.32956761e-09,2.53017580e-02,2.53793705e-02,2.53252895e-02,2.54340179e-02,1.40451028e-02,2.53793705e-02,2.53793705e-02,1.30112124e-19,2.54439378e-02,1.43677249e-03,8.28247093e-19
1.27546008e-02,1.10644183e-19,8.91531068e-06,7.07845557e-19,2.46220721e-02,2.46331624e-02,1.20959718e-03,2.46628815e-02,2.03730373e-03,2.46147384e-02,2.47190493e-02,2.47223304e-02,2.46887598e-02,1.63278214e-11,2.36349415e-02,3.21114077e-03,2.40786181e-09,2.45948792e-02,2.46616740e-02,2.46147384e-02,2.47190493e-02,1.27546008e-02,2.46616740e-02,2.46616740e-02,1.10644183e-19,2.47223304e-02,1.20959718e-03,7.07845557e-19
1.20004376e-02,9.79709859e-20,7.22109163e-06,6.29644109e-19,2.47064807e-02,2.47136811e-02,1.05776942e-03,2.47388380e-02,1.80482397e-03,2.47020490e-02,2.47539765e-02,2.48020082e-02,2.47612149e-02,1.45286727e-11,2.28379715e-02,2.88096316e-03,1.83570115e-09,2.46900143e-02,2.47346620e-02,2.47020490e-02,2.47539765e-02,1.20004376e-02,2.47346620e-02,2.47346620e-02,9.79709859e-20,2.48020082e-02,1.05776942e-03,6.29644109e-19
1.17509453e-02,9.05053332e-20,6.08318504e-06,5.84001660e-19,2.57959303e-02,2.58017629e-02,9.62293277e-04,2.58157175e-02,1.66342746e-03,2.57930802e-02,2.58307570e-02,2.58937579e-02,2.58586518e-02,1.34829473e-11,2.29636188e-02,2.68943730e-03,1.47031335e-09,2.57846018e-02,2.58197963e-02,2.57930802e-02,2.58307570e-02,1.17509453e-02,2.58197963e-02,2.58197963e-02,9.05053332e-20,2.58937579e-02,9.62293277e-04,5.84001660e-19
1.04763155e-02,7.60449484e-20,4.67735547e-06,4.94661835e-19,2.44925554e-02,2.44962152e-02,7.98070000e-04,2.44981199e-02,1.39743159e-03,2.44920801e-02,2.45070755e-02,2.45800199e-02,2.45567546e-02,1.14255507e-11,2.09992490e-02,2.28808888e-03,1.08755978e-09,2.44861726e-02,2.45085729e-02,2.44920801e-02,2.45070755e-02,1.04763155e-02,2.45085729e-02,2.45085729e-02,7.60449484e-20,2.45800199e-02,7.98070000e-04,4.94661835e-19
9.25941179e-03,6.36516284e-20,3.60039908e-06,4.17504103e-19,2.29518742e-02,2.29536847e-02,6.59266486e-04,2.29439379e-02,1.16838406e-03,2.29524031e-02,2.29585523e-02,2.30336627e-02,2.30199770e-02,9.64708763e-12,1.89983100e-02,1.93589820e-03,8.16093996e-10,2.29497420e-02,2.29613358e-02,2.29524031e-02,2.29585523e-02,9.25941179e-03,2.29613358e-02,2.29613358e-02,6.36516284e-20,2.30336627e-02,6.59266486e-04,4.17504103e-19
9.42696898e-04,6.12123326e-21,3.40146783e-07,4.15172943e-20,2.42025324e-03,2.42019390e-03,6.47553991e-05,2.41882742e-03,1.15558611e-04,2.42044718e-03,2.41812629e-03,2.42848630e-03,2.42638633e-03,9.58274452e-13,1.95480291e-03,1.92760754e-04,7.63306478e-11,2.42072009e-03,2.42039037e-03,2.42044718e-03,2.41812629e-03,9.42696898e-04,2.42039037e-03,2.42039037e-03,6.12123326e-21,2.42848630e-03,6.47553991e-05,4.15172943e-20
9.45087070e-03,6.15915286e-20,3.15631605e-06,4.05722090e-19,2.49545365e-02,2.49539345e-02,6.24504636e-04,2.49320319e-02,1.12151775e-03,2.49562095e-02,2.49447481e-02,2.50210438e-02,2.50360646e-02,9.38055877e-12,1.98934879e-02,1.88265939e-03,7.04481589e-10,2.49599551e-02,2.49554281e-02,2.49562095e-02,2.49447481e-02,9.45087070e-03,2.49554281e-02,2.49554281e-02,6.15915286e-20,2.50210438e-02,6.24504636e-04,4.05722090e-19
8.70729053e-03,5.38767145e-20,2.52292069e-06,3.57631909e-19,2.43886299e-02,2.43852364e-02,5.36684005e-04,2.43538292e-02,9.75873867e-04,2.43918009e-02,2.43611961e-02,2.44424984e-02,2.44737425e-02,8.27179499e-12,1.87595648e-02,1.65832902e-03,5.61819753e-10,2.43992593e-02,2.43819636e-02,2.43918009e-02,2.43611961e-02,8.70729053e-03,2.43819636e-02,2.43819636e-02,5.38767145e-20,2.44424984e-02,5.36684005e-04,3.57631909e-19
8.42354325e-03,4.96129871e-20,2.11746663e-06,3.31459905e-19,2.50162340e-02,2.50115598e-02,4.84230889e-04,2.49671340e-02,8.91514705e-04,2.50207781e-02,2.49815476e-02,2.50677190e-02,2.51121954e-02,7.66949301e-12,1.85718448e-02,1.53372206e-03,4.76075697e-10,2.50315924e-02,2.50047533e-02,2.50207781e-02,2.49815476e-02,8.42354325e-03,2.50047533e-02,2.50047533e-02,4.96129871e-20,2.50677190e-02,4.84230889e-04,3.31459905e-19
8.11798175e-03,4.54944538e-20,1.76340948e-06,3.06099280e-19,2.55923745e-02,2.55848416e-02,4.34366101e-04,2.55295632e-02,8.10023207e-04,2.55982812e-02,2.55355534e-02,2.56410133e-02,2.56954736e-02,7.08513733e-12,1.83201706e-02,1.41129123e-03,4.05281175e-10,2.56155435e-02,2.55717043e-02,2.55982812e-02,2.55355534e-02,8.11798175e-03,2.55717043e-02,2.55717043e-02,4.54944538e-20,2.56410133e-02,4.34366101e-04,3.06099280e-19
7.38709638e-03,3.93682780e-20,1.38610492e-06,2.67265332e-19,2.47240868e-02,2.47152179e-02,3.67814256e-04,2.46508163e-02,6.94832760e-04,2.47317542e-02,2.46544856e-02,2.47657306e-02,2.48290561e-02,6.18749474e-12,1.70571483e-02,1.22613183e-03,3.29538092e-10,2.47527567e-02,2.46969150e-02,2.47317542e-02,2.46544856e-02,7.38709638e-03,2.46969150e-02,2.46969150e-02,3.93682780e-20,2.47657306e-02,3.67814256e-04,2.67265332e-19
7.07500619e-03,3.59470045e-20,1.14654002e-06,2.45908263e-19,2.51324507e-02,2.51226986e-02,3.27723736e-04,2.50422271e-02,6.27171505e-04,2.51413725e-02,2.50585956e-02,2.51689688e-02,2.52438563e-02,5.69409778e-12,1.67140062e-02,1.12095637e-03,2.85175469e-10,2.51662417e-02,2.50996699e-02,2.51413725e-02,2.50585956e-02,7.07500619e-03,2.50996699e-02,2.50996699e-02,3.59470045e-20,2.51689688e-02,3.27723736e-04,2.45908263e-19
5.83728160e-03,2.82544966e-20,8.21686748e-07,1.95512897e-19,2.19587381e-02,2.19477888e-02,2.52267416e-04,2.18712970e-02,4.88856683e-04,2.19682436e-02,2.18701851e-02,2.19846139e-02,2.20581136e-02,4.52681856e-12,1.40857393e-02,8.84611385e-04,2.15522851e-10,2.19954351e-02,2.19199775e-02,2.19682436e-02,2.18701851e-02,5.83728160e-03,2.19199775e-02,2.19199775e-02,2.82544966e-20,2.19846139e-02,2.52267416e-04,1.95512897e-19
8.98350638e-04,4.15224731e-21,1.16967562e-07,2.95256079e-20,3.50040329e-03,3.49862906e-03,3.73766346e-05,3.48511740e-03,7.29579174e-05,3.50207845e-03,3.48544441e-03,3.50112133e-03,3.51507898e-03,6.82855553e-13,2.19012175e-03,1.32958871e-04,3.17135434e-11,3.50665442e-03,3.49337539e-03,3.50207845e-03,3.48544441e-03,8.98350638e-04,3.49337539e-03,3.49337539e-03,4.15224731e-21,3.50112133e-03,3.73766346e-05,2.95256079e-20
6.04804438e-03,2.79163326e-20,7.24066571e-07,1.94311831e-19,2.42735836e-02,2.42600628e-02,2.41216351e-04,2.41621629e-02,4.74180413e-04,2.42850919e-02,2.41636805e-02,2.42701792e-02,2.43871295e-02,4.49971583e-12,1.49606093e-02,8.70330681e-04,2.04069931e-10,2.43191167e-02,2.42232110e-02,2.42850919e-02,2.41636805e-02,6.04804438e-03,2.42232110e-02,2.42232110e-02,2.79163326e-20,2.42701792e-02,2.41216351e-04,1.94311831e-19
5.72303665e-03,2.52318728e-20,5.88514857e-07,1.77065046e-19,2.44109898e-02,2.43961999e-02,2.11671114e-04,2.42851903e-02,4.21758662e-04,2.44237581e-02,2.42868489e-02,2.44021613e-02,2.45272292e-02,4.10038195e-12,1.44829662e-02,7.84590205e-04,1.79071007e-10,2.44630558e-02,2.43530625e-02,2.44237581e-02,2.42868489e-02,5.72303665e-03,2.43530625e-02,2.43530625e-02,2.52318728e-20,2.44021613e-02,2.11671114e-04,1.77065046e-19
5.69145567e-03,2.39612892e-20,4.97888014e-07,1.69367518e-19,2.58857010e-02,2.58681122e-02,1.94224056e-04,2.57388948e-02,3.92613664e-04,2.59013988e-02,2.57325930e-02,2.58711340e-02,2.60120468e-02,3.92225903e-12,1.47531346e-02,7.40922226e-04,1.65759777e-10,2.59496325e-02,2.58150905e-02,2.59013988e-02,2.57325930e-02,5.69145567e-03,2.58150905e-02,2.58150905e-02,2.39612892e-20,2.58711340e-02,1.94224056e-04,1.69367518e-19
5.01034413e-03,2.00740716e-20,3.70519162e-07,1.43419030e-19,2.43725701e-02,2.43546930e-02,1.57237219e-04,2.42189938e-02,3.22690185e-04,2.43894686e-02,2.42160644e-02,2.43605071e-02,2.44898694e-02,3.32084340e-12,1.33098425e-02,6.18161882e-04,1.36528249e-10,2.44386732e-02,2.42975030e-02,2.43894686e-02,2.42160644e-02,5.01034413e-03,2.42975030e-02,2.42975030e-02,2.00740716e-20,2.43605071e-02,1.57237219e-04,1.43419030e-19
4.90791723e-03,1.87554630e-20,3.04903989e-07,1.35087674e-19,2.55766333e-02,2.55536367e-02,1.41141722e-04,2.54015279e-02,2.94235753e-04,2.55952238e-02,2.53825752e-02,2.55650587e-02,2.57006307e-02,3.12781497e-12,1.33720987e-02,5.72531190e-04,1.25721932e-10,2.56541565e-02,2.54844462e-02,2.55952238e-02,2.53825752e-02,4.90791723e-03,2.54844462e-02,2.54844462e-02,1.87554630e-20,2.55650587e-02,1.41141722e-04,1.35087674e-19
4.25620038e-04,1.54219796e-21,2.38602154e-08,1.14817122e-20,2.32275183e-03,2.32053971e-03,1.16340243e-05,2.30573648e-03,2.44917061e-05,2.32458278e-03,2.30339744e-03,2.32195745e-03,2.33231637e-03,2.65437664e-13,1.17411377e-03,4.81170823e-05,1.05505585e-11,2.33025600e-03,2.31370685e-03,2.32458278e-03,2.30339744e-03,4.25620038e-04,2.31370685e-03,2.31370685e-03,1.54219796e-21,2.32195745e-03,1.16340243e-05,1.14817122e-20
4.05517468e-03,1.46638713e-20,2.07007801e-07,1.06990103e-19,2.28562404e-02,2.28337820e-02,1.05648863e-04,2.26832767e-02,2.24211668e-04,2.28752463e-02,2.26632165e-02,2.27860223e-02,2.29625146e-02,2.47656170e-12,1.13614515e-02,4.44091393e-04,9.75978478e-11,2.29345771e-02,2.27649872e-02,2.28752463e-02,2.26632165e-02,4.05517468e-03,2.27649872e-02,2.27649872e-02,1.46638713e-20,2.27860223e-02,1.05648863e-04,1.06990103e-19
4.05296394e-03,1.39789485e-20,1.71600750e-07,1.02772461e-19,2.45924125e-02,2.45665295e-02,9.60412317e-05,2.43887662e-02,2.07317448e-04,2.46150150e-02,2.43704223e-02,2.45096636e-02,2.47010465e-02,2.37892755e-12,1.16642287e-02,4.17663785e-04,9.24219859e-11,2.46842443e-02,2.44901825e-02,2.46150150e-02,2.43704223e-02,4.05296394e-03,2.44901825e-02,2.44901825e-02,1.39789485e-20,2.45096636e-02,9.60412317e-05,1.02772461e-19
3.80061053e-03,1.24259523e-20,1.30224971e-07,9.22729095e-20,2.50750237e-02,2.50458384e-02,8.08600766e-05,2.48483905e-02,1.77968855e-04,2.51004671e-02,2.48259291e-02,2.49808227e-02,2.51777406e-02,2.13576661e-12,1.12709170e-02,3.65564415e-04,8.19726303e-11,2.51775295e-02,2.49635148e-02,2.51004671e-02,2.48259291e-02,3.80061053e-03,2.49635148e-02,2.49635148e-02,1.24259523e-20,2.49808227e-02,8.08600766e-05,9.22729095e-20
2.42502576e-04,7.49494421e-22,7.34052987e-09,5.76361228e-21,1.69146056e-03,1.68937027e-03,4.84702660e-06,1.67523509e-03,1.07976373e-05,1.69332744e-03,1.67290243e-03,1.68387199e-03,1.69673884e-03,1.33178393e-13,7.29655708e-04,2.24440286e-05,5.08138816e-12,1.69890480e-03,1.68326868e-03,1.69332744e-03,1.67290243e-03,2.42502576e-04,1.68326868e-03,1.68326868e-03,7.49494421e-22,1.68387199e-03,4.84702660e-06,5.76361228e-21
3.05610518e-03,9.39675264e-21,8.24526171e-08,7.07797944e-20,2.21803373e-02,2.21516132e-02,5.75206884e-05,2.19615782e-02,1.29439186e-04,2.22053272e-02,2.19301206e-02,2.19620262e-02,2.22622564e-02,1.63784094e-12,9.36874410e-03,2.71839994e-04,6.22326811e-11,2.22815544e-02,2.20679072e-02,2.22053272e-02,2.19301206e-02,3.05610518e-03,2.20679072e-02,2.20679072e-02,9.39675264e-21,2.19620262e-02,5.75206884e-05,7.07797944e-20
8.50118570e-05,2.47858921e-22,2.03717742e-09,1.93102166e-21,6.51180415e-04,6.50304203e-04,1.50633228e-06,6.44406654e-04,3.42933069e-06,6.51966450e-04,6.43292920e-04,6.44723379e-04,6.52898437e-04,4.46084369e-14,2.64209031e-04,7.28533498e-06,1.68791532e-12,6.54355718e-04,6.47696841e-04,6.51966450e-04,6.43292920e-04,8.50118570e-05,6.47696841e-04,6.47696841e-04,2.47858921e-22,6.44723379e-04,1.50633228e-06,1.93102166e-21
3.11594528e-03,9.01937399e-21,6.48589216e-08,6.85245962e-20,2.50559287e-02,2.50202611e-02,5.12585472e-05,2.47858035e-02,1.18162225e-04,2.50867681e-02,2.47455546e-02,2.47053853e-02,2.51358050e-02,1.58596978e-12,9.91021830e-03,2.54250727e-04,5.98127437e-11,2.51820984e-02,2.49171288e-02,2.50867681e-02,2.47455546e-02,3.11594528e-03,2.49171288e-02,2.49171288e-02,9.01937399e-21,2.47053853e-02,5.12585472e-05,6.85245962e-20
2.67858626e-03,7.18270926e-21,4.07402486e-08,5.53314095e-20,2.44293468e-02,2.43890195e-02,3.73774602e-05,2.41374863e-02,8.87656646e-05,2.44631572e-02,2.40885897e-02,2.40489702e-02,2.44848240e-02,1.28086870e-12,8.90115004e-03,1.96792248e-04,4.80229227e-11,2.45669116e-02,2.42750366e-02,2.44631572e-02,2.40885897e-02,2.67858626e-03,2.42750366e-02,2.42750366e-02,7.18270926e-21,2.40489702e-02,3.73774602e-05,5.53314095e-20
4.21708247e-04,1.05034144e-21,5.11857312e-09,8.38730083e-21,4.23775558e-03,4.23016125e-03,5.24116028e-06,4.18293677e-03,1.27213466e-05,4.24421573e-03,4.17245889e-03,4.16832392e-03,4.23961436e-03,1.93845148e-13,1.43963530e-03,2.88241817e-05,7.24233606e-12,4.26382812e-03,4.20765366e-03,4.24421573e-03,4.17245889e-03,4.21708247e-04,4.20765366e-03,4.20765366e-03,1.05034144e-21,4.16832392e-03,5.24116028e-06,8.38730083e-21
1.10921289e-03,2.69512483e-21,1.16772101e-08,2.13766027e-20,1.17694750e-02,1.17475320e-02,1.27533266e-05,1.16122070e-02,3.13678978e-05,1.17880182e-02,1.15832726e-02,1.15349274e-02,1.17743150e-02,4.94417421e-13,3.86888548e-03,7.20487603e-05,1.84458554e-11,1.18451431e-02,1.16800305e-02,1.17880182e-02,1.15832726e-02,1.10921289e-03,1.16800305e-02,1.16800305e-02,2.69512483e-21,1.15349274e-02,1.27533266e-05,2.13766027e-20
7.53053973e-04,1.72857933e-21,6.41080123e-09,1.38880432e-20,8.73081663e-03,8.71341889e-03,7.70084889e-06,8.60782194e-03,1.93328916e-05,8.74553090e-03,8.58522704e-03,8.51733884e-03,8.72639551e-03,3.21079149e-13,2.70520226e-03,4.53542074e-05,1.19527757e-11,8.79174116e-03,8.65605413e-03,8.74553090e-03,8.58522704e-03,7.53053973e-04,8.65605413e-03,8.65605413e-03,1.72857933e-21,8.51733884e-03,7.70084889e-06,1.38880432e-20
6.49189982e-04,1.40396570e-21,4.44617234e-09,1.13859967e-20,8.23748258e-03,8.21978314e-03,5.87059106e-06,8.11542687e-03,1.50530178e-05,8.25240912e-03,8.09406355e-03,8.01770739e-03,8.22659963e-03,2.63163047e-13,2.40600503e-03,3.60975617e-05,9.77921375e-12,8.29944313e-03,8.15649866e-03,8.25240912e-03,8.09406355e-03,6.49189982e-04,8.15649866e-03,8.15649866e-03,1.40396570e-21,8.01770739e-03,5.87059106e-06,1.13859967e-20
9.33386758e-04,1.73992316e-21,4.18134922e-09,1.41655698e-20,1.40813570e-02,1.40469957e-02,6.64820440e-06,1.38537052e-02,1.77978829e-05,1.41106808e-02,1.38315828e-02,1.35688680e-02,1.40590819e-02,3.27897053e-13,3.68926686e-03,4.46022909e-05,1.21978742e-11,1.42024953e-02,1.38823482e-02,1.41106808e-02,1.38315828e-02,9.33386758e-04,1.38823482e-02,1.38823482e-02,1.73992316e-21,1.35688680e-02,6.64820440e-06,1.41655698e-20
1.15381968e-04,1.40410441e-22,2.43865927e-10,6.23472237e-24,2.37988872e-03,2.37407950e-03,5.48155535e-07,2.33225732e-03,1.58360608e-06,2.38538063e-03,2.34576606e-03,2.24293845e-03,2.36985738e-03,2.08054182e-15,5.08229066e-04,4.28675104e-06,2.28661823e-13,2.40316052e-03,2.32792822e-03,2.38538063e-03,2.34576606e-03,1.15381968e-04,2.32792822e-03,2.32792822e-03,1.40410441e-22,2.24293845e-03,5.48155535e-07,6.23472237e-24