Al_99G,Am241_99G,Ar40_99G,B10_99G,B11_99G,Be9_99G,Cr52_99G,F19_99G,Fe56_99G,FG_CNat_99G,FG_H1_99G,graphite_99G,H2O_99G,Mn55_99G,N14_99G,Ni58_99G,Ni60_99G,O16_99G,PolyH1_99G,IM1_Air,IM1_Wood,IM1_Boral,IM1_BHDPE,IM1_HDPE,IM1_AmBe,IM1_Graphite,IM1_Steel,IM1_BF3
0.00000000e+00,0.00000000e+00,0.00000000e+00,0.00000000e+00,0.00000000e+00,0.00000000e+00,0.00000000e+00,0.00000000e+00,0.00000000e+00,0.00000000e+00,0.00000000e+00,2.94325382e-14,1.62847169e-17,0.00000000e+00,0.00000000e+00,0.00000000e+00,0.00000000e+00,0.00000000e+00,2.11212064e-17,0.00000000e+00,0.00000000e+00,0.00000000e+00,2.11148476e-17,2.11175019e-17,0.00000000e+00,2.94325718e-14,0.00000000e+00,0.00000000e+00
0.00000000e+00,0.00000000e+00,0.00000000e+00,0.00000000e+00,0.00000000e+00,0.00000000e+00,0.00000000e+00,0.00000000e+00,0.00000000e+00,0.00000000e+00,0.00000000e+00,1.82329254e-11,6.82596683e-14,0.00000000e+00,0.00000000e+00,0.00000000e+00,0.00000000e+00,0.00000000e+00,8.49397070e-14,0.00000000e+00,0.00000000e+00,0.00000000e+00,8.49364949e-14,8.49488037e-14,0.00000000e+00,1.82329378e-11,0.00000000e+00,0.00000000e+00
2.75898647e-07,9.30281468e-10,5.93643645e-06,6.89781893e-03,3.41650990e-09,1.77130456e-09,1.53941847e-06,2.07908701e-08,1.39705657e-06,4.54088326e-09,5.93295290e-11,3.63977008e-09,9.31948336e-11,1.51181106e-04,4.45485027e-08,1.26273068e-06,2.15747436e-05,1.15820828e-08,1.14438060e-10,4.54088326e-09,5.93295290e-11,2.75898647e-07,1.14438058e-10,1.14438069e-10,9.30280998e-10,3.63977008e-09,1.53941847e-06,6.89781893e-03
4.73444244e-06,3.68751548e-08,5.83301243e-05,4.73118387e-02,2.67067037e-07,1.93722564e-07,1.29338347e-05,6.64833645e-07,1.08743775e-05,3.07282855e-07,3.70423552e-08,2.48513531e-07,4.00506991e-08,9.02916880e-04,1.92609844e-06,9.43212605e-06,1.53764286e-04,4.88502895e-07,4.79108816e-08,3.07282855e-07,3.70423552e-08,4.73444244e-06,4.79108816e-08,4.79108817e-08,3.68751251e-08,2.48513531e-07,1.29338347e-05,4.73118387e-02
2.26263655e-05,4.45470841e-07,2.04100015e-04,8.57617366e-02,3.99781944e-06,3.80943872e-06,4.05423175e-05,4.95229744e-06,3.22447827e-05,4.08937025e-06,3.45036688e-06,3.90212568e-06,2.73693613e-06,2.19690658e-03,1.78689364e-05,2.70371156e-05,4.51913299e-04,4.48874527e-06,3.07513522e-06,4.08937025e-06,3.45036688e-06,2.26263655e-05,3.07513522e-06,3.07513522e-06,4.45470844e-07,3.90212568e-06,4.05423175e-05,8.57617366e-02
2.56170311e-04,1.61709889e-05,1.81898591e-03,1.93991130e-01,7.01643754e-05,7.04759393e-05,4.01419032e-04,7.12453906e-05,3.17760300e-04,6.99610240e-05,7.22380388e-05,7.37225953e-05,6.53119625e-05,1.40498327e-02,2.48188936e-04,2.65370472e-04,3.76144428e-03,6.93088835e-05,7.27035717e-05,6.99610240e-05,7.22380388e-05,2.56170311e-04,7.27035717e-05,7.27035717e-05,1.61709889e-05,7.37225953e-05,4.01419032e-04,1.93991130e-01
2.66341467e-03,1.16572169e-03,1.31322812e-02,2.55493873e-01,8.51774648e-04,8.54489737e-04,3.98841877e-03,8.64825440e-04,3.28968175e-03,8.49614607e-04,8.73734722e-04,8.90790857e-04,8.11330853e-04,5.83991892e-02,2.52980546e-03,2.82693112e-03,2.26601487e-02,8.43546797e-04,8.80828257e-04,8.49614607e-04,8.73734722e-04,2.66341467e-03,8.80828257e-04,8.80828257e-04,1.16572169e-03,8.90790857e-04,3.98841877e-03,2.55493873e-01
1.40478379e-02,4.11962669e-02,5.11452020e-02,2.09881149e-01,5.17527306e-03,5.18826911e-03,2.04104999e-02,5.24750295e-03,1.74343498e-02,5.16451149e-03,5.28911046e-03,5.38177479e-03,5.00820967e-03,1.44518323e-01,1.30940860e-02,1.53443461e-02,7.76170252e-02,5.13370821e-03,5.33078377e-03,5.16451149e-03,5.28911046e-03,1.40478379e-02,5.33078377e-03,5.33078377e-03,4.11962669e-02,5.38177479e-03,2.04104999e-02,2.09881149e-01
4.58474088e-02,2.26402766e-01,1.32061854e-01,1.28463499e-01,1.91814341e-02,1.92206061e-02,6.61322269e-02,1.94227006e-02,5.81257465e-02,1.91486957e-02,1.95217533e-02,1.98478980e-02,1.87603653e-02,2.57750174e-01,4.18068195e-02,5.21145785e-02,1.85258451e-01,1.90537404e-02,1.97069223e-02,1.91486957e-02,1.95217533e-02,4.58474088e-02,1.97069223e-02,1.97069223e-02,2.26402766e-01,1.98478980e-02,6.61322269e-02,1.28463499e-01
5.50576393e-02,2.99718443e-01,1.38659996e-01,4.45364996e-02,2.50621508e-02,2.51057983e-02,8.02686921e-02,2.53517438e-02,7.17616061e-02,2.50258935e-02,2.54389832e-02,2.58462771e-02,2.46822691e-02,2.03919369e-01,4.95217330e-02,6.49890926e-02,1.86138159e-01,2.49175887e-02,2.57278642e-02,2.50258935e-02,2.54389832e-02,5.50576393e-02,2.57278642e-02,2.57278642e-02,2.99718443e-01,2.58462771e-02,8.02686921e-02,4.45364996e-02
5.30679073e-02,2.14808971e-01,1.15951235e-01,1.56534623e-02,2.60003506e-02,2.60408940e-02,7.66616074e-02,2.62768967e-02,6.96764942e-02,2.59662884e-02,2.63483929e-02,2.67440134e-02,2.57146906e-02,1.25199629e-01,4.75950589e-02,6.37800500e-02,1.42753307e-01,2.58669429e-02,2.66611378e-02,2.59662884e-02,2.63483929e-02,5.30679073e-02,2.66611378e-02,2.66611378e-02,2.14808971e-01,2.67440134e-02,7.66616074e-02,1.56534623e-02
4.65985231e-02,1.11889383e-01,8.86032617e-02,6.04652543e-03,2.43205583e-02,2.43552266e-02,6.58369779e-02,2.45594979e-02,6.07456142e-02,2.42922467e-02,2.46184298e-02,2.49622404e-02,2.41230549e-02,7.08110779e-02,4.18975922e-02,5.61997889e-02,9.80579459e-02,2.42081060e-02,2.49080797e-02,2.42922467e-02,2.46184298e-02,4.65985231e-02,2.49080797e-02,2.49080797e-02,1.11889383e-01,2.49622404e-02,6.58369779e-02,6.04652543e-03
4.52698088e-02,5.54016018e-02,7.44180846e-02,2.81196816e-03,2.50933563e-02,2.51254381e-02,6.19350588e-02,2.53198855e-02,5.80129983e-02,2.50666403e-02,2.53683018e-02,2.57030553e-02,2.49325138e-02,4.38859531e-02,4.09223751e-02,5.42793798e-02,7.28250126e-02,2.49873786e-02,2.56596227e-02,2.50666403e-02,2.53683018e-02,4.52698088e-02,2.56596227e-02,2.56596227e-02,5.54016018e-02,2.57030553e-02,6.19350588e-02,2.81196816e-03
4.29458236e-02,2.61581388e-02,6.13175146e-02,1.38692052e-03,2.51954455e-02,2.52239381e-02,5.66958088e-02,2.54032533e-02,5.38718580e-02,2.51701273e-02,2.54517673e-02,2.57566128e-02,2.50781371e-02,2.72028267e-02,3.90828480e-02,5.09670218e-02,5.30995792e-02,2.50970620e-02,2.57257841e-02,2.51701273e-02,2.54517673e-02,4.29458236e-02,2.57257841e-02,2.57257841e-02,2.61581388e-02,2.57566128e-02,5.66958088e-02,1.38692052e-03
4.03135097e-02,1.21390210e-02,5.02860363e-02,7.24773469e-04,2.49452952e-02,2.49712692e-02,5.12724454e-02,2.51350640e-02,4.93800731e-02,2.49227549e-02,2.51775241e-02,2.54575503e-02,2.48612730e-02,1.70831532e-02,3.69611246e-02,4.72210685e-02,3.86442423e-02,2.48559323e-02,2.54340218e-02,2.49227549e-02,2.51775241e-02,4.03135097e-02,2.54340218e-02,2.54340218e-02,1.21390210e-02,2.54575503e-02,5.12724454e-02,7.24773469e-04
3.84360873e-02,5.71146506e-03,4.20397020e-02,4.03940343e-04,2.50280579e-02,2.50521387e-02,4.70368694e-02,2.52021950e-02,4.58909252e-02,2.50075486e-02,2.52497594e-02,2.55027726e-02,2.49739515e-02,1.10710934e-02,3.55206226e-02,4.43465128e-02,2.87202074e-02,2.49449297e-02,2.54835595e-02,2.50075486e-02,2.52497594e-02,3.84360873e-02,2.54835595e-02,2.54835595e-02,5.71146506e-03,2.55027726e-02,4.70368694e-02,4.03940343e-04
3.72653718e-02,2.74769284e-03,3.58010493e-02,2.37137146e-04,2.55032090e-02,2.55245067e-02,4.38233931e-02,2.56663624e-02,4.33032044e-02,2.54850027e-02,2.56931723e-02,2.59436915e-02,2.54635068e-02,7.37258964e-03,3.47271356e-02,4.22833761e-02,2.17639958e-02,2.54260731e-02,2.59272881e-02,2.54850027e-02,2.56931723e-02,3.72653718e-02,2.59272881e-02,2.59272881e-02,2.74769284e-03,2.59436915e-02,4.38233931e-02,2.37137146e-04
3.44098029e-02,1.30260069e-03,2.92381572e-02,1.39126393e-04,2.46830788e-02,2.47030318e-02,3.89125328e-02,2.48278537e-02,3.89120225e-02,2.46675526e-02,2.48526715e-02,2.50735663e-02,2.46698694e-02,4.78979639e-03,3.23377222e-02,3.83747794e-02,1.59120790e-02,2.46161377e-02,2.50601269e-02,2.46675526e-02,2.48526715e-02,3.44098029e-02,2.50601269e-02,2.50601269e-02,1.30260069e-03,2.50735663e-02,3.89125328e-02,1.39126393e-04
3.38028641e-02,6.54536697e-04,2.53939614e-02,8.83691590e-05,2.54066609e-02,2.54257681e-02,3.67163642e-02,2.55398027e-02,3.71558781e-02,2.53911961e-02,2.55754043e-02,2.57717079e-02,2.54209065e-02,3.31624501e-03,3.20464226e-02,3.70106627e-02,1.23593237e-02,2.53429155e-02,2.57603079e-02,2.53911961e-02,2.55754043e-02,3.38028641e-02,2.57603079e-02,2.57603079e-02,6.54536697e-04,2.57717079e-02,3.67163642e-02,8.83691590e-05
3.18249036e-02,3.25782977e-04,2.12178847e-02,5.55348927e-05,2.50276793e-02,2.50429473e-02,3.32073780e-02,2.51458182e-02,3.39929512e-02,2.50135499e-02,2.51663560e-02,2.53496633e-02,2.50541870e-02,2.23391591e-03,3.04388229e-02,3.41914165e-02,9.27020576e-03,2.49718747e-02,2.53394101e-02,2.50135499e-02,2.51663560e-02,3.18249036e-02,2.53394101e-02,2.53394101e-02,3.25782977e-04,2.53496633e-02,3.32073780e-02,5.55348927e-05
3.05150354e-02,1.67510550e-04,1.80848970e-02,3.62687177e-05,2.50890320e-02,2.51021383e-02,3.05790017e-02,2.51941872e-02,3.16576107e-02,2.50758436e-02,2.52167838e-02,2.53806331e-02,2.51343014e-02,1.54350299e-03,2.94493755e-02,3.21503726e-02,7.10222766e-03,2.50392688e-02,2.53683416e-02,2.50758436e-02,2.52167838e-02,3.05150354e-02,2.53683416e-02,2.53683416e-02,1.67510550e-04,2.53806331e-02,3.05790017e-02,3.62687177e-05
2.89488911e-02,8.72666885e-05,1.52864537e-02,2.39497084e-05,2.48586507e-02,2.48693020e-02,2.78602063e-02,2.49508668e-02,2.91630385e-02,2.48471682e-02,2.49612881e-02,2.51136116e-02,2.49166562e-02,1.06506010e-03,2.81912852e-02,2.98993898e-02,5.40794431e-03,2.48163271e-02,2.51016876e-02,2.48471682e-02,2.49612881e-02,2.89488911e-02,2.51016876e-02,2.51016876e-02,8.72666885e-05,2.51136116e-02,2.78602063e-02,2.39497084e-05
2.82455564e-02,4.72170591e-05,1.32789173e-02,1.64299296e-05,2.53410891e-02,2.53531918e-02,2.60819763e-02,2.54191333e-02,2.76058479e-02,2.53302272e-02,2.54502794e-02,2.55732601e-02,2.54259272e-02,7.56248085e-04,2.77654306e-02,2.85754056e-02,4.22949578e-03,2.53021658e-02,2.55595233e-02,2.53302272e-02,2.54502794e-02,2.82455564e-02,2.55595233e-02,2.55595233e-02,4.72170591e-05,2.55732601e-02,2.60819763e-02,1.64299296e-05
2.63037890e-02,2.52448331e-05,1.10449491e-02,1.10104758e-05,2.46285892e-02,2.46407012e-02,2.33133819e-02,2.46906852e-02,2.49419039e-02,2.46198624e-02,2.47348227e-02,2.48261450e-02,2.47314306e-02,5.18657516e-04,2.61006701e-02,2.60603270e-02,3.17772976e-03,2.45953070e-02,2.48128622e-02,2.46198624e-02,2.47348227e-02,2.63037890e-02,2.48128622e-02,2.48128622e-02,2.52448331e-05,2.48261450e-02,2.33133819e-02,1.10104758e-05
2.53071431e-02,1.40997020e-05,9.49492130e-03,7.70243857e-06,2.47132445e-02,2.47214424e-02,2.15210091e-02,2.47683152e-02,2.32709819e-02,2.47073853e-02,2.47691476e-02,2.48747822e-02,2.48043251e-02,3.68421380e-04,2.53471131e-02,2.45416432e-02,2.46807214e-03,2.46904647e-02,2.48622317e-02,2.47073853e-02,2.47691476e-02,2.53071431e-02,2.48622317e-02,2.48622317e-02,1.40997020e-05,2.48747822e-02,2.15210091e-02,7.70243857e-06
2.52919293e-02,8.20773435e-06,8.44494106e-03,5.59245922e-06,2.58030386e-02,2.58098373e-02,2.05956078e-02,2.58474743e-02,2.25169743e-02,2.57987114e-02,2.58450697e-02,2.59387591e-02,2.59022108e-02,2.69698939e-04,2.55839921e-02,2.39783251e-02,1.97688742e-03,2.57850832e-02,2.59264620e-02,2.57987114e-02,2.58450697e-02,2.52919293e-02,2.59264620e-02,2.59264620e-02,8.20773435e-06,2.59387591e-02,2.05956078e-02,5.59245922e-06
2.30129890e-02,4.56227970e-06,6.86584008e-03,3.79071447e-06,2.44995661e-02,2.45041532e-02,1.79565235e-02,2.45297244e-02,1.98411934e-02,2.44976417e-02,2.45207308e-02,2.45958533e-02,2.45999688e-02,1.82374580e-04,2.35115454e-02,2.13290633e-02,1.45373044e-03,2.44866502e-02,2.45860357e-02,2.44976417e-02,2.45207308e-02,2.30129890e-02,2.45860357e-02,2.45860357e-02,4.56227970e-06,2.45958533e-02,1.79565235e-02,3.79071447e-06
2.07115922e-02,2.58236126e-06,5.55371659e-03,2.59861513e-06,2.29586575e-02,2.29613502e-02,1.55123467e-02,2.29746940e-02,1.73132954e-02,2.29577888e-02,2.29715120e-02,2.30203736e-02,2.30622342e-02,1.23960344e-04,2.13648318e-02,1.87796469e-02,1.06895521e-03,2.29502059e-02,2.30128334e-02,2.29577888e-02,2.29715120e-02,2.07115922e-02,2.30128334e-02,2.30128334e-02,2.58236126e-06,2.30203736e-02,1.55123467e-02,2.59861513e-06
2.15732723e-03,2.92359307e-07,5.64867948e-04,2.68260561e-07,2.42120580e-03,2.42131080e-03,1.59625025e-03,2.42279691e-03,1.78545848e-03,2.42119243e-03,2.42080338e-03,2.42620605e-03,2.43401364e-03,1.24107012e-05,2.23401842e-03,1.94116481e-03,1.07249071e-04,2.42078150e-03,2.42570251e-03,2.42119243e-03,2.42080338e-03,2.15732723e-03,2.42570251e-03,2.42570251e-03,2.92359307e-07,2.42620605e-03,1.59625025e-03,2.68260561e-07
2.14866183e-02,1.49117953e-06,5.08009360e-03,1.95197986e-06,2.49616820e-02,2.49619138e-02,1.53336630e-02,2.49653127e-02,1.73175490e-02,2.49619092e-02,2.49564420e-02,2.49920899e-02,2.50780135e-02,9.20311307e-05,2.24120322e-02,1.89838694e-02,8.72308069e-04,2.49604530e-02,2.49835817e-02,2.49619092e-02,2.49564420e-02,2.14866183e-02,2.49835817e-02,2.49835817e-02,1.49117953e-06,2.49920899e-02,1.53336630e-02,1.95197986e-06
2.01092900e-02,8.93724068e-07,4.23888499e-03,1.38894764e-06,2.43956284e-02,2.43930169e-02,1.37188356e-02,2.43867794e-02,1.56618505e-02,2.43973939e-02,2.43719580e-02,2.43924720e-02,2.45140371e-02,6.39643276e-05,2.11974626e-02,1.73361846e-02,6.57149099e-04,2.43997505e-02,2.43850337e-02,2.43973939e-02,2.43719580e-02,2.01092900e-02,2.43850337e-02,2.43850337e-02,8.93724068e-07,2.43924720e-02,1.37188356e-02,1.38894764e-06
1.97264004e-02,5.63803895e-07,3.69452912e-03,1.03353638e-06,2.50232442e-02,2.50192888e-02,1.28431392e-02,2.50007428e-02,1.48257956e-02,2.50263979e-02,2.49910031e-02,2.49856212e-02,2.51506437e-02,4.62559314e-05,2.10228307e-02,1.65766139e-02,5.15591813e-04,2.50320906e-02,2.49816663e-02,2.50263979e-02,2.49910031e-02,1.97264004e-02,2.49816663e-02,2.49816663e-02,5.63803895e-07,2.49856212e-02,1.28431392e-02,1.03353638e-06
1.92659063e-02,3.59837451e-07,3.19125280e-03,7.64917533e-07,2.55993296e-02,2.55924420e-02,1.19419215e-02,2.55635527e-02,1.39452405e-02,2.56038756e-02,2.55435279e-02,2.55229574e-02,2.57314460e-02,3.30155961e-05,2.07693912e-02,1.57563224e-02,3.99522987e-04,2.56160444e-02,2.55200972e-02,2.56038756e-02,2.55435279e-02,1.92659063e-02,2.55200972e-02,2.55200972e-02,3.59837451e-07,2.55229574e-02,1.19419215e-02,7.64917533e-07
1.77656021e-02,2.24477519e-07,2.60322842e-03,5.40803296e-07,2.47307150e-02,2.47224286e-02,1.04772352e-02,2.46835372e-02,1.23762912e-02,2.47370947e-02,2.46614333e-02,2.46213322e-02,2.48621899e-02,2.23354219e-05,1.93784257e-02,1.41311845e-02,2.92599306e-04,2.47532373e-02,2.46202611e-02,2.47370947e-02,2.46614333e-02,1.77656021e-02,2.46202611e-02,2.46202611e-02,2.24477519e-07,2.46213322e-02,1.04772352e-02,5.40803296e-07
1.72113306e-02,1.47627929e-07,2.22289471e-03,4.00435834e-07,2.51389000e-02,2.51296466e-02,9.63934726e-03,2.50747186e-02,1.15223189e-02,2.51465878e-02,2.50639070e-02,2.49908778e-02,2.52734633e-02,1.57587273e-05,1.90052783e-02,1.32991488e-02,2.23671784e-04,2.51667159e-02,2.49932474e-02,2.51465878e-02,2.50639070e-02,1.72113306e-02,2.49932474e-02,2.49932474e-02,1.47627929e-07,2.49908778e-02,9.63934726e-03,4.00435834e-07
1.43780426e-02,8.90429743e-08,1.65070406e-03,2.63905378e-07,2.19644677e-02,2.19539889e-02,7.66665527e-03,2.18999620e-02,9.26557022e-03,2.19728696e-02,2.18755216e-02,2.18036029e-02,2.20847785e-02,9.82581685e-06,1.60640010e-02,1.08034352e-02,1.49847343e-04,2.19958540e-02,2.18045884e-02,2.19728696e-02,2.18755216e-02,1.43780426e-02,2.18045884e-02,2.18045884e-02,8.90429743e-08,2.18036029e-02,7.66665527e-03,2.63905378e-07
2.25330676e-03,1.49706976e-08,2.48871475e-04,4.01798396e-08,3.50161298e-03,3.50000715e-03,1.17878564e-03,3.49055217e-03,1.42954334e-03,3.50303621e-03,3.48805501e-03,3.47349209e-03,3.52329044e-03,1.42221526e-06,2.53160662e-03,1.67266237e-03,2.19398978e-05,3.50673641e-03,3.47427911e-03,3.50303621e-03,3.48805501e-03,2.25330676e-03,3.47427911e-03,3.47427911e-03,1.49706976e-08,3.47349209e-03,1.17878564e-03,4.01798396e-08
1.50347495e-02,5.79940394e-08,1.49021062e-03,2.02804622e-07,2.42792923e-02,2.42661113e-02,7.54246111e-03,2.41919345e-02,9.24153908e-03,2.42897365e-02,2.41662382e-02,2.40606826e-02,2.44076563e-02,7.09795252e-06,1.70412724e-02,1.09125876e-02,1.18782610e-04,2.43195463e-02,2.40634705e-02,2.42897365e-02,2.41662382e-02,1.50347495e-02,2.40634705e-02,2.40634705e-02,5.79940394e-08,2.40606826e-02,7.54246111e-03,2.02804622e-07
1.43547765e-02,3.95976608e-08,1.24196134e-03,1.48601941e-07,2.44163270e-02,2.44017764e-02,6.79845013e-03,2.43137828e-02,8.43627066e-03,2.44281219e-02,2.42875812e-02,2.41567009e-02,2.45414499e-02,4.85324914e-06,1.64957938e-02,1.00802021e-02,8.79362305e-05,2.44634650e-02,2.41628702e-02,2.44281219e-02,2.42875812e-02,1.43547765e-02,2.41628702e-02,2.41628702e-02,3.95976608e-08,2.41567009e-02,6.79845013e-03,1.48601941e-07
1.43838743e-02,2.83531731e-08,1.07320735e-03,1.12331998e-07,2.58906760e-02,2.58731624e-02,6.39454997e-03,2.57669491e-02,8.04592734e-03,2.59055070e-02,2.57301355e-02,2.55699755e-02,2.60168629e-02,3.39422564e-06,1.67792674e-02,9.73895154e-03,6.68449444e-05,2.59500279e-02,2.55790981e-02,2.59055070e-02,2.57301355e-02,1.43838743e-02,2.55790981e-02,2.55790981e-02,2.83531731e-08,2.55699755e-02,6.39454997e-03,1.12331998e-07
1.27750033e-02,1.88486462e-08,8.19306446e-04,7.60115931e-08,2.43769090e-02,2.43590401e-02,5.31723136e-03,2.42440540e-02,6.78587262e-03,2.43930669e-02,2.42127266e-02,2.40300071e-02,2.44882780e-02,2.09955969e-06,1.51420857e-02,8.32347865e-03,4.47954528e-05,2.44390234e-02,2.40432632e-02,2.43930669e-02,2.42127266e-02,1.27750033e-02,2.40432632e-02,2.40432632e-02,1.88486462e-08,2.40300071e-02,5.31723136e-03,7.60115931e-08
1.25896222e-02,1.36944117e-08,6.86019890e-04,5.59751354e-08,2.55803744e-02,2.55571922e-02,4.87939364e-03,2.54250043e-02,6.32303859e-03,2.55983792e-02,2.53756013e-02,2.51673796e-02,2.56866634e-02,1.40780795e-06,1.51791394e-02,7.86818123e-03,3.26306059e-05,2.56544768e-02,2.51809973e-02,2.55983792e-02,2.53756013e-02,1.25896222e-02,2.51809973e-02,2.51809973e-02,1.36944117e-08,2.51673796e-02,4.87939364e-03,5.59751354e-08
1.11623167e-03,1.45449485e-09,5.74491918e-05,4.83384208e-09,2.32337070e-03,2.32123209e-03,4.20056696e-04,2.30865685e-03,5.47061168e-04,2.32507619e-03,2.30446873e-03,2.28357223e-03,2.33457562e-03,1.11553615e-07,1.35726925e-03,6.84310716e-04,2.61263359e-06,2.33029916e-03,2.28551928e-03,2.32507619e-03,2.30446873e-03,1.11623167e-03,2.28551928e-03,2.28551928e-03,1.45449485e-09,2.28357223e-03,4.20056696e-04,4.83384208e-09
1.04898517e-02,8.33657333e-09,4.77017652e-04,3.42768106e-08,2.28592200e-02,2.28365525e-02,3.75034249e-03,2.27026351e-02,4.94283640e-03,2.28777762e-02,2.26564368e-02,2.24394322e-02,2.29427808e-02,7.69214260e-07,1.28980609e-02,6.24999160e-03,1.94308446e-05,2.29348379e-02,2.24586651e-02,2.28777762e-02,2.26564368e-02,1.04898517e-02,2.24586651e-02,2.24586651e-02,8.33657333e-09,2.24394322e-02,3.75034249e-03,3.42768106e-08
1.05184014e-02,6.27371193e-09,3.99194268e-04,2.52943682e-08,2.45945459e-02,2.45681856e-02,3.46727968e-03,2.44058065e-02,4.64814015e-03,2.46169154e-02,2.43587081e-02,2.40891628e-02,2.46632407e-02,5.10389593e-07,1.31893260e-02,5.97295065e-03,1.39556152e-05,2.46844618e-02,2.41209887e-02,2.46169154e-02,2.43587081e-02,1.05184014e-02,2.41209887e-02,2.41209887e-02,6.27371193e-09,2.40891628e-02,3.46727968e-03,2.52943682e-08
9.89576271e-03,4.53444077e-09,3.06016557e-04,1.71020683e-08,2.50760698e-02,2.50461543e-02,2.97099324e-03,2.48616126e-02,4.06041924e-03,2.51015339e-02,2.48098636e-02,2.44973623e-02,2.51212213e-02,3.05250858e-07,1.26942076e-02,5.31477430e-03,9.01585528e-06,2.51776829e-02,2.45410477e-02,2.51015339e-02,2.48098636e-02,9.89576271e-03,2.45410477e-02,2.45410477e-02,4.53444077e-09,2.44973623e-02,2.97099324e-03,1.71020683e-08
6.46917919e-04,3.69787537e-10,1.85028807e-05,1.07362772e-09,1.69177565e-03,1.68971619e-03,1.86476271e-04,1.67680517e-03,2.56613166e-04,1.69358038e-03,1.67330629e-03,1.65034380e-03,1.69587652e-03,1.72755884e-08,8.39363418e-04,3.38289117e-04,5.11619681e-07,1.69892738e-03,1.65402033e-03,1.69358038e-03,1.67330629e-03,6.46917919e-04,1.65402033e-03,1.65402033e-03,3.69787537e-10,1.65034380e-03,1.86476271e-04,1.07362772e-09
7.99580476e-03,2.80151681e-09,1.96379821e-04,9.69517877e-09,2.21805614e-02,2.21510958e-02,2.15677175e-03,2.19702516e-02,3.01211386e-03,2.22057147e-02,2.19146344e-02,2.16018397e-02,2.21989776e-02,1.50810842e-07,1.05302645e-02,4.02563639e-03,4.77409693e-06,2.22816422e-02,2.16490396e-02,2.22057147e-02,2.19146344e-02,7.99580476e-03,2.16490396e-02,2.16490396e-02,2.80151681e-09,2.16018397e-02,2.15677175e-03,9.69517877e-09
2.27789357e-04,1.01602596e-10,5.18902826e-06,2.67293271e-10,6.51284036e-04,6.50417664e-04,5.90381350e-05,6.44930574e-04,8.29918002e-05,6.52049683e-04,6.43418411e-04,6.33341635e-04,6.52206522e-04,3.78418847e-09,3.03390254e-04,1.11684308e-04,1.18717783e-07,6.54363163e-04,6.35103002e-04,6.52049683e-04,6.43418411e-04,2.27789357e-04,6.35103002e-04,6.35103002e-04,1.01602596e-10,6.33341635e-04,5.90381350e-05,2.67293271e-10
8.12854289e-03,2.13081761e-09,1.53439855e-04,6.56872981e-09,2.50539949e-02,2.50169773e-02,1.93793213e-03,2.47879228e-02,2.77483127e-03,2.50855307e-02,2.47194072e-02,2.43106793e-02,2.50321174e-02,9.02282667e-08,1.10340745e-02,3.79897214e-03,3.01397400e-06,2.51820690e-02,2.43819533e-02,2.50855307e-02,2.47194072e-02,8.12854289e-03,2.43819533e-02,2.43819533e-02,2.13081761e-09,2.43106793e-02,1.93793213e-03,6.56872981e-09
6.96990942e-03,1.48635762e-09,9.59554213e-05,3.59438835e-09,2.44253496e-02,2.43832702e-02,1.42826118e-03,2.41317365e-02,2.10752537e-03,2.44603175e-02,2.40562909e-02,2.35863463e-02,2.43527536e-02,4.37547050e-08,9.82433297e-03,2.97115022e-03,1.47159511e-06,2.45667536e-02,2.36817599e-02,2.44603175e-02,2.40562909e-02,6.96990942e-03,2.36817599e-02,2.36817599e-02,1.48635762e-09,2.35863463e-02,1.42826118e-03,3.59438835e-09
1.12642835e-03,2.82548218e-10,1.29169290e-05,4.91399477e-10,4.23777823e-03,4.23012253e-03,2.10297498e-04,4.18382339e-03,3.15508333e-04,4.24425043e-03,4.17121975e-03,4.07636963e-03,4.22465875e-03,5.47331763e-09,1.62730879e-03,4.52366332e-04,1.71183402e-07,4.26383555e-03,4.09900749e-03,4.24425043e-03,4.17121975e-03,1.12642835e-03,4.09900749e-03,4.09900749e-03,2.82548218e-10,4.07636963e-03,2.10297498e-04,4.91399477e-10
2.91852705e-03,5.30288134e-10,2.82789656e-05,9.65743823e-10,1.17679623e-02,1.17454290e-02,5.02321889e-04,1.16096098e-02,7.65956268e-04,1.17869224e-02,1.15727481e-02,1.12902440e-02,1.17117074e-02,1.07704768e-08,4.29996051e-03,1.11567030e-03,3.29878908e-07,1.18450762e-02,1.13607125e-02,1.17869224e-02,1.15727481e-02,2.91852705e-03,1.13607125e-02,1.13607125e-02,5.30288134e-10,1.12902440e-02,5.02321889e-04,9.65743823e-10
1.98152380e-03,3.06792244e-10,1.54443988e-05,4.94697952e-10,8.72953164e-03,8.71170778e-03,3.05346819e-04,8.60491631e-03,4.75143111e-04,8.74457919e-03,8.57782243e-03,8.34300953e-03,8.67562463e-03,5.51760834e-09,3.00226899e-03,7.06420144e-04,1.53521116e-07,8.79167716e-03,8.40488986e-03,8.74457919e-03,8.57782243e-03,1.98152380e-03,8.40488986e-03,8.40488986e-03,3.06792244e-10,8.34300953e-03,3.05346819e-04,4.94697952e-10
1.69656002e-03,2.08785885e-10,1.04613937e-05,3.11627985e-10,8.23574778e-03,8.21755957e-03,2.31613813e-04,8.11058487e-03,3.68406626e-04,8.25110109e-03,8.08581768e-03,7.84066763e-03,8.16910105e-03,3.59506650e-09,2.65059885e-03,5.60072613e-04,8.82704559e-08,8.29934869e-03,7.90693775e-03,8.25110109e-03,8.08581768e-03,1.69656002e-03,7.90693775e-03,7.90693775e-03,2.08785885e-10,7.84066763e-03,2.31613813e-04,3.11627985e-10
2.33659337e-03,1.92501909e-10,8.99486304e-06,2.32041090e-10,1.40731916e-02,1.40367580e-02,2.50119598e-04,1.38280070e-02,4.16917221e-04,1.41044713e-02,1.37982102e-02,1.32981147e-02,1.38922500e-02,3.10444763e-09,3.89233828e-03,6.64286539e-04,5.82171454e-08,1.42020337e-02,1.34301243e-02,1.41044713e-02,1.37982102e-02,2.33659337e-03,1.34301243e-02,1.34301243e-02,1.92501909e-10,1.32981147e-02,2.50119598e-04,2.32041090e-10
2.87670229e-04,1.53687259e-11,5.17554925e-07,1.41219125e-11,2.37862729e-03,2.37257674e-03,2.04680608e-05,2.32765601e-03,3.67439848e-05,2.38439867e-03,2.34199278e-03,2.23320773e-03,2.34071241e-03,2.16265852e-10,5.40188658e-04,6.31568993e-05,2.31572464e-09,2.40308137e-03,2.26053310e-03,2.38439867e-03,2.34199278e-03,2.87670229e-04,2.26053310e-03,2.26053310e-03,1.53687259e-11,2.23320773e-03,2.04680608e-05,1.41219125e-11